1.2321,1.4039,-1.2114,-1.3448
1.3147,1.1586,-1.0255,0.28304
-0.42938,1.3024,-1.2029,-3.0041
-0.42938,1.3024,-1.2029,-3.0041
0.74919,0.82714,-0.46807,0.75079
1.7477,0.20132,-0.59193,1.3121
0.69994,1.2968,-1.0386,-0.75342
0.24552,0.34799,0.4641,0.96866
0.47424,0.85112,-0.61996,-0.18288
0.90063,0.89942,-0.60624,0.72001
1.6913,1.4681,-1.2796,-1.4698
0.69962,-1.1071,1.0555,0.66955
1.0962,1.1406,-1.0851,-0.0043995
0.50872,0.09343,0.25417,0.74648
-0.085454,1.228,-1.1885,-2.2041
0.81004,-1.185,1.2211,0.29165
-0.97607,1.7816,-0.16093,-3.0423
0.048145,-0.33177,-0.036085,0.29964
0.70177,1.271,-1.0778,-0.12501
0.57197,-0.49678,0.88498,0.42767
1.7072,0.2274,-0.64262,1.1225
0.95751,0.16501,-0.18578,0.94712
1.6021,0.90012,-1.0864,0.014686
1.5831,0.083207,-0.36509,1.3404
0.16263,1.4695,-0.65316,-1.3522
-0.036772,-1.0866,0.73646,0.096552
1.1614,1.3066,-1.2299,-1.0267
1.084,0.8349,-0.4806,0.34397
0.22055,0.090619,0.26013,0.48614
1.2425,0.34059,-0.16053,0.7274
1.6036,1.0126,-0.86986,0.22457
1.2887,-0.24751,0.062522,1.0031
0.94101,0.20273,-0.13667,0.77356
0.16005,0.58315,0.1502,0.47506
0.46133,0.49079,0.16013,0.86526
0.83414,-0.22917,-0.012814,1.1447
0.15254,0.62053,0.064703,0.48737
0.054906,0.93784,-0.037663,-0.84142
1.333,-0.13468,-0.15675,1.0247
0.073596,0.8825,-0.24323,0.37043
1.2562,-0.24927,-0.0082429,1.3373
1.0705,-0.35363,0.26273,1.733
1.377,1.5651,-1.2722,-1.4575
1.0521,-0.35258,-0.13787,0.70586
0.30779,0.51123,0.14006,0.67201
1.1462,-1.002,0.68359,1.2105
1.8667,-0.40299,-0.23607,1.2222
-1.102,1.7509,-0.16729,-3.5014
-0.77806,-0.18193,1.3301,0.58031
0.83534,1.5986,-1.0991,-1.5363
-0.16946,-0.60079,1.6422,0.92681
0.74972,1.1434,-1.019,-0.05547
-0.99623,1.8203,0.35934,-2.1881
0.53253,-1.1409,1.6541,-0.32134
0.84054,1.5214,-1.0543,-1.3264
-0.65269,1.6582,-0.33766,-2.8133
1.2702,1.5764,-1.3354,-1.6889
1.2965,1.5341,-1.2275,-1.4224
0.39974,1.0207,-0.25695,-0.47769
0.25506,1.1945,-0.80703,0.030679
-0.8444,1.6839,-0.41818,-3.1795
0.18381,0.093788,0.71001,0.67016
0.22213,1.0983,-0.64919,-0.21858
0.60465,-1.3782,1.5511,0.40367
0.8047,0.87368,-0.46072,0.76618
1.1768,0.11141,-0.020377,0.83634
1.0831,0.16782,-0.078822,0.76125
0.61713,0.13857,-0.016201,0.47999
0.048145,-0.33177,-0.036085,0.29965
0.33125,1.1854,-0.76826,0.31135
-0.047181,0.88778,-0.3973,0.0042154
1.1603,-0.98932,0.45477,0.5643
1.2252,1.4188,-1.2738,-1.5584
0.30874,0.44707,0.20786,0.67447
0.45448,-1.0891,1.5833,-0.29302
0.89767,0.9107,-0.41917,-0.50045
1.1202,-0.9657,0.33171,0.22826
-0.16087,0.89484,-0.14224,0.20672
0.95694,-1.2086,1.2068,0.84065
1.259,1.4015,-1.2376,-1.3713
0.63905,0.28171,-0.24243,0.70216
0.21861,-0.12551,-0.93705,0.61969
-1.1142,-0.24998,0.24164,0.67078
-0.95672,-1.2559,1.0223,0.98713
-2.0838,1.2238,-0.4142,-2.2773
-1.4219,0.23904,-0.44482,-1.1338
-0.48414,-0.32084,-0.3804,0.71755
-1.5195,-2.5163,2.6445,-0.9251
-0.81985,-1.4843,0.89987,0.41229
-0.42694,0.22318,-1.0858,-0.90849
-0.34608,0.16077,-0.70682,-0.59031
-0.42445,-1.5965,1.182,0.73909
0.024101,-0.21613,-0.59789,0.75756
0.10957,0.29193,-1.3462,-1.404
0.46038,0.30004,-1.2553,-0.2518
-0.059296,0.082509,-0.98357,0.28181
-1.1734,-1.6321,2.4209,0.1661
-0.33199,-0.36774,-0.31957,0.9305
0.019078,0.28029,-1.3424,-1.247
-1.3901,0.16254,-0.28836,-0.0080644
-1.4089,-2.456,3.13,0.34335
-1.2049,-1.4565,1.6832,1.4333
-0.95029,0.23412,-0.84777,-0.60568
-0.85759,-1.9236,1.8412,0.51814
-0.29611,-0.23517,-0.4466,0.88065
-0.60256,0.036675,-0.43468,-0.097926
-0.77567,-2.162,2.0466,0.089174
0.47621,0.4869,-1.516,-0.97312
-1.9699,1.0429,-0.314,-1.5738
-1.0451,-1.5133,1.7187,1.2949
-0.71544,-1.9603,1.8577,0.60615
-0.52387,-0.19215,-0.71796,0.34458
-0.32828,-0.025379,-0.84559,0.24303
-0.7713,-1.4286,1.6426,0.7194
-2.4663,0.83137,-0.12594,-3.0189
-0.96942,-1.9173,1.8179,0.18703
-0.75016,-1.5401,1.0192,0.64678
0.45708,0.34623,-1.4243,-0.62353
-1.4912,0.086036,-0.16629,0.049765
-1.6455,-2.5534,3.6459,-0.76632
-1.1776,-1.9413,1.9418,0.28058
-2.5231,0.8631,-0.16689,-3.0447
-1.0091,-1.9036,1.7621,0.3292
-0.40407,-1.0849,0.19176,0.80433
-1.4118,-0.24927,0.21997,0.34951
-0.955,-0.47351,0.30646,0.58831
-1.7542,-2.4719,3.2585,-0.14595
-1.3329,-0.2669,0.28995,0.38705
-1.1343,-1.301,1.0569,0.78587
-0.098322,-0.30745,-0.7146,0.85049
-1.6612,-1.6673,2.4225,-0.3361
-0.40609,-1.4791,1.0309,0.86403
0.16545,0.24679,-1.368,-1.1922
-1.1593,0.44248,-0.45913,-1.4618
0.40357,-0.17946,-0.86111,0.95943
0.28967,0.50276,-1.5507,-2.2287
-0.23962,0.0024615,-0.89729,0.18395
-1.4062,-1.7558,2.5511,-0.043143
1.3841,1.3204,-1.2432,-0.93804
0.5834,-1.4879,1.6394,0.28058
1.3589,0.97028,-0.87819,0.10948
1.4543,0.21648,-0.81278,0.70832
-0.22511,1.2435,-1.1838,-2.6743
0.95381,0.66495,-0.44362,-0.14409
1.5452,-0.19074,0.055562,1.1324
0.022132,0.61418,0.088369,0.34274
1.5071,1.3789,-1.2404,-1.2692
-0.55053,-0.0031782,1.4237,1.0536
1.1851,-0.18863,0.16391,1.0548
0.99835,-0.023624,0.1667,0.85911
1.1912,1.5344,-1.2549,-1.8261
1.3258,-0.28876,-0.10129,1.0302
-0.68287,7.9876e-06,1.3339,0.99143
-0.97677,1.8792,0.448,-2.2613
1.2011,1.4025,-1.219,-1.4427
0.69196,1.2671,-1.103,-1.0285
0.49166,0.75734,-0.33269,0.59077
-0.80631,1.0161,-0.71042,-0.30782
0.14042,0.95723,-0.17345,0.12671
0.76695,1.0369,-1.1887,-0.054851
-0.93565,1.8091,0.35874,-1.111
-1.084,1.3997,-0.63309,-2.0367
-0.97435,1.7103,0.39115,-2.0237
0.99785,0.85359,-0.56687,0.67878
0.82338,0.84089,-0.57186,0.60308
-0.15824,1.3334,-0.28856,-0.20073
0.79531,0.83067,-0.41778,0.78095
1.2784,-0.82784,0.18598,0.80556
0.47171,-1.4237,1.5667,0.13964
0.72924,-0.1301,0.58637,0.62708
0.03017,-0.88356,0.39254,0.098408
1.0669,-1.0214,0.67066,1.301
1.2661,-0.28805,-0.11759,1.1299
0.03017,-0.88356,0.39254,0.098408
-0.22877,1.0411,0.11303,-1.2821
1.1835,1.4484,-1.2895,-1.7997
-0.60988,1.4219,-1.0094,-2.2238
0.74455,-1.1713,1.1543,0.3692
0.2744,1.1716,-0.8271,0.2141
0.037908,0.70021,0.066095,0.34766
1.1385,0.18263,-0.12673,0.71324
1.2339,-0.88814,0.41062,1.0844
0.25098,0.28559,0.12554,0.36059
0.84156,1.2742,-1.0907,0.066995
1.0707,1.1737,-1.0641,0.12794
0.84072,0.15971,-0.27862,0.83941
-0.25638,1.2143,-0.4466,-0.42229
1.2346,0.098712,0.028741,0.99697
1.9152,0.6847,-0.98654,0.2775
1.5457,0.99462,-0.89251,-0.014252
1.0888,-0.20555,0.12832,1.4894
1.2446,-0.1509,-0.148,1.0438
1.8203,1.4276,-1.438,-1.5049
-1.084,1.3997,-0.63309,-2.0367
0.72998,0.83807,-0.3311,0.78095
1.0655,-1.0856,0.49769,0.64062
1.4056,-0.72807,0.071269,1
0.91445,-0.76932,0.21361,0.7114
0.25618,1.4262,-0.62174,-1.3553
-0.078408,1.2802,-0.34621,-0.31763
0.89345,1.1709,-1.1679,-0.087455
1.177,-0.89167,0.29036,0.59877
-0.06451,1.2615,-1.1798,-2.4096
-0.34241,0.92092,-0.21619,-0.12501
0.03017,-0.88356,0.39254,0.098408
0.14845,-0.32613,1.208,0.31443
0.69058,-0.28735,0.80048,1.2511
1.2302,-0.011629,-0.32971,1.1533
-1.4077,-1.7269,2.0152,1.0277
-2.2292,0.79153,-0.16729,-2.6121
0.25703,0.32154,-1.4706,-1.3799
-0.47381,-0.67024,-0.36967,0.59877
-0.25112,0.19604,-1.1098,-0.82048
-0.59468,-0.57857,0.34203,0.77971
-0.066764,-0.076512,-0.65355,0.28858
-0.30363,-0.35258,-0.314,0.49291
-0.29123,-0.33107,-0.33965,0.35443
-0.81327,-1.4498,0.80068,0.55692
-0.98968,-0.57293,-0.06272,0.6437
-0.83582,-0.26337,-0.62353,0.17471
-0.077187,-0.44601,-0.12077,0.70832
-0.43919,-1.3052,0.69472,0.72001
-1.6388,0.74076,-0.28756,-2.0724
-1.0442,-0.45941,0.45535,0.568
0.40688,0.049369,-1.0478,0.51138
-1.5305,0.12657,-0.14124,0.19503
-0.18858,-0.017627,-0.83863,0.29719
-0.086203,-0.20802,-0.44302,0.56984
-0.74833,0.14702,-0.83088,-0.35028
-0.53052,-1.4029,0.91818,0.9502
-0.28052,0.1911,-1.1321,-0.7577
-0.78844,-1.8292,1.6963,0.46398
0.14483,0.26584,-1.1667,-0.097307
-0.34833,0.22001,-1.0919,-0.76384
-0.31668,0.070871,-1.016,0.070707
-1.2384,-1.4583,2.1213,0.14271
-0.16528,-0.067703,-0.65116,0.20488
-1.4605,-1.7773,2.5442,0.11255
-0.44004,0.24857,-1.1754,-1.0777
-0.095033,-0.89976,-0.0052731,1.213
0.16047,0.058178,-1.0446,0.51076
-1.4804,0.10118,-0.13091,0.41967
-0.44643,-0.19039,-0.70504,0.47568
-1.289,-1.5566,2.3772,0.11686
-0.19379,-0.22459,-0.4138,0.53907
-0.75284,0.23623,-0.85394,-0.47888
-0.3002,0.16818,-0.73863,-0.48322
-0.3473,-1.6776,1.2339,0.92127
-1.9533,0.80528,-0.33587,-2.5364
0.073881,0.31379,-1.3623,-1.3597
-1.2016,0.38784,-0.46112,-1.3196
-1.6887,0.70656,-0.19154,-2.0348
-1.5228,0.3226,-0.3969,-1.2507
-1.9835,0.90929,-0.30784,-2.9075
-1.3056,-0.020455,-0.28239,-0.57184
-0.86136,0.30074,-0.77404,-1.2852
-0.44121,-0.21648,-0.43766,0.31627
-1.4868,-2.4931,2.6445,-0.77741
-0.05803,0.52217,-1.5193,-2.4748
-0.62444,-0.65403,-0.36032,0.51014
-0.42642,0.25209,-1.1331,-1.1258
-1.4208,-1.3454,2.0171,0.17287
-1.9352,-1.2114,2.0949,0.1544
-0.55029,-0.013044,-0.63924,-0.08993
-0.41403,-0.3836,-0.42354,0.67816
-1.6417,0.51018,-0.43845,-1.9653
-1.2426,-2.1098,1.7573,-0.54785
0.27236,0.36668,-1.4295,-0.67646
-0.58328,-0.029622,-0.66768,-0.10778
0.044202,-0.38043,-0.2818,0.77971
-1.3859,-2.4687,3.1932,0.20918
-0.85492,-1.9462,1.9221,0.50584
-0.53365,-0.38078,-0.026943,0.76371
0.39316,0.32015,-1.4645,-1.2169
-0.56299,-0.57012,0.35417,0.88188
1.1214,1.149,-0.97561,0.35443
1.4925,-0.90506,0.48537,1.2702
0.24957,-0.965,0.96985,0.26458
-0.287,1.1021,0.17744,-1.2131
2.1562,1.3454,-1.3478,-0.96817
1.0718,1.3253,-1.1953,-1.0691
1.6984,0.35117,-0.68557,1.048
0.74409,0.72031,-0.59353,-0.021629
0.95118,-1.0278,0.73607,1.0382
-0.42797,1.6081,-0.41161,-2.7881
0.47847,-0.51793,0.034286,0.44306
1.3028,-0.24363,-0.070679,1.437
1.3976,1.5309,-1.3863,-1.5399
1.2649,0.12834,-0.13707,0.90835
1.4514,-0.74006,0.28855,1.3367
0.99761,-1.0673,0.5315,0.42521
-0.091557,1.0133,-0.26192,-1.2359
-0.78682,1.6969,0.15039,-1.9425
0.68904,1.3419,-1.0287,-0.77617
0.42524,0.18615,-0.27126,0.49722
0.52131,0.70868,-0.26927,-0.39026
1.2621,-0.70092,0.2476,1.1102
-0.42938,1.3024,-1.2029,-3.0041
0.61151,-0.45341,0.94421,0.22272
0.086935,0.068759,0.81458,0.82895
0.69857,0.77426,-0.49988,0.6757
1.2543,-0.17347,-0.052976,1.3712
0.04913,1.2389,-0.53527,-0.32382
0.48462,0.96853,-0.55137,-0.60692
0.72087,0.79964,-0.50823,0.13471
1.7032,-0.30392,-0.29611,1.1114
-0.0392,-0.48056,1.5523,0.89665
-0.93185,1.7107,-0.30605,-3.1383
1.302,0.71503,-0.88794,0.47383
0.88511,0.055707,-0.012025,0.54953
1.0188,-0.17206,0.042453,0.75448
1.0381,0.22918,-0.11321,0.68678
1.0781,0.21154,-0.27166,0.4886
0.61949,-0.092733,-0.055551,0.97543
0.29122,0.42732,-0.63367,-0.26656
0.79013,0.2066,-0.24522,0.84557
1.185,-0.98686,0.614,1.021
-0.68804,1.5196,0.32136,-1.383
0.96912,-0.90929,0.31939,0.47075
1.2321,1.4766,-1.1885,-1.4858
1.1054,1.338,-1.2476,-1.0815
0.41096,0.71609,-0.20148,0.7951
1.4553,0.90084,-1.0851,-0.14409
0.58481,0.094487,0.12535,0.54769
1.5814,-0.2803,-0.27603,0.7274
0.58368,1.0877,-0.31897,-0.99035
1.8605,0.66601,-0.88336,0.45044
1.341,-0.1234,-0.16967,1.0179
1.0662,-0.99497,0.5979,0.73909
1.0906,1.2675,-1.1669,-0.025913
0.39875,1.0232,-0.33746,-0.46537
0.17672,1.1448,-0.70364,-0.053614
0.96732,0.9047,-0.57283,-0.66599
-0.55328,-0.018683,1.28,0.90096
-0.25037,1.0676,-1.0514,-0.63586
0.76164,0.27184,-0.14741,0.95328
-0.01802,0.83314,0.096327,0.27565
0.21327,-1.5087,1.5989,-0.051139
1.7324,0.31238,-0.72671,1.0807
1.3729,-0.9382,0.5315,0.92373
0.6921,-0.051125,0.37902,0.90835
1.5347,0.86275,-0.78754,0.40059
1.0757,1.1328,-1.0279,0.2855
1.5518,1.0546,-1.009,-0.13362
-0.49,-0.31203,1.119,-0.13857
0.17353,1.2795,-0.47801,-0.22901
1.6011,1.0954,-0.91418,-0.043143
0.78335,0.21226,0.13092,0.65601
-1.3515,0.50031,-0.50267,-1.7492
-0.75111,-0.32931,-0.55475,0.31443
-0.8793,-0.14843,-0.43169,0.044862
-1.8606,-1.3334,2.2237,0.17595
-0.84873,0.22282,-0.63924,-0.6617
-1.6339,-2.4529,3.1491,-0.093642
-1.1469,-1.8679,1.78,0.099631
-2.2185,1.2358,-0.38796,-2.3087
-1.3699,0.13081,-0.28677,0.080559
-2.442,1.1667,-0.27047,-1.3067
-0.15115,-0.22036,-0.47304,0.92804
-0.64178,-0.56235,0.21064,0.55692
-0.65117,-0.7115,0.027929,0.86219
-1.6924,-1.2675,2.2138,0.37289
-0.7604,-1.4931,1.7521,0.89111
-2.2842,1.2562,-0.42553,-2.4644
-1.4477,0.22176,-0.48517,-1.0513
-1.8175,-1.3803,2.3179,0.055952
-1.4964,-2.5519,3.6103,-0.53
-0.21342,-0.52887,-0.0036722,0.91635
-0.33133,0.16112,-0.74441,-0.50906
-0.38477,-0.8772,0.55874,1.1305
-0.78492,-1.4808,1.2245,0.99513
0.20602,-0.13962,-0.85791,0.84988
-0.45056,0.20626,-1.0229,-0.83157
-1.0038,-0.36915,-0.16152,0.76618
-0.89337,-0.12623,-0.44799,0.17349
-0.24779,0.22918,-1.1494,-0.90297
-0.39839,-0.90295,0.63189,1.2832
-0.71108,-1.4533,1.0219,0.71755
-0.24634,-0.43755,-0.42175,0.99143
-1.0262,-1.5968,1.2758,0.26026
0.095388,-0.29828,-0.73863,0.73909
-1.8221,0.20415,-0.074855,-0.049949
-0.36218,0.095202,-0.98954,0.13964
-0.88264,-0.11001,-0.47324,-0.034528
-0.84644,0.1636,-0.85991,-0.56199
-0.45981,-0.33318,-0.37106,0.83264
0.064298,0.33601,-1.4211,-1.5246
-1.5835,0.097656,-0.13965,0.041769
-1.0545,-0.61807,0.024355,0.72309
-1.3964,-0.27571,-0.17186,0.42644
-0.8794,-0.29863,-0.55754,0.17225
-1.0166,-1.1039,1.173,0.5403
-1.1053,-1.4907,1.4237,0.84803
-2.4922,0.82996,-0.1651,-3.0447
-0.65832,-0.57153,0.1663,0.7674
-1.0163,-1.8679,1.7319,0.15318
-0.98539,-0.40194,0.068299,0.36243
0.045232,-0.1569,-0.85155,0.5643
-1.0879,-0.60115,-0.0076396,0.64554
-1.549,0.29968,-0.4635,-1.343
-1.4166,-0.28841,-0.15894,0.40859
-0.915,-0.30639,-0.56708,0.15687
-1.1902,-1.7371,2.0573,1.1207
-0.32593,0.19392,-0.75016,-0.78169
-0.49494,-1.4209,0.97562,1.0585
-0.87529,-2.1793,1.8782,-0.10468
-0.94846,-0.34447,0.32832,0.79879
-0.1118,0.22142,-1.1201,-0.78726
-1.3459,0.24434,-0.49133,-1.1098
-0.12931,0.096957,-1.0064,0.27134
-1.1513,-1.4572,2.1084,0.36674
-1.0467,-0.43966,0.29851,1.1361
1.1107,0.18581,-0.15516,0.83572
0.70543,0.77003,-0.51161,0.23811
-0.155,1.2559,-0.41996,-0.36751
0.42253,0.23235,0.34285,0.60862
1.1819,1.033,-0.91538,-0.32382
1.2966,-0.80387,0.15616,0.88804
1.646,-0.41251,-0.17842,1.0997
0.38141,0.64274,-0.30227,0.55446
0.17447,-0.97451,0.75296,0.42644
-0.47521,1.3743,-0.0504,-1.9203
1.1778,-0.81903,0.19911,0.49229
-0.51845,1.2739,-0.12474,-1.9714
1.7604,1.2855,-1.4708,-1.2987
0.45659,-0.38678,0.64799,0.095324
-0.19402,-0.59656,1.5388,0.55384
0.88237,0.93503,-0.55097,0.1464
0.74813,1.2516,-1.1575,-0.078221
0.58822,0.96817,-0.43507,-0.31149
0.31401,-0.1516,0.98815,0.37043
0.3245,0.22001,0.68419,0.94158
0.64229,-0.33318,0.77444,0.43506
0.42454,0.27712,-0.00028471,0.39382
1.2016,1.3412,-1.2873,-1.5547
0.17447,-0.97451,0.75296,0.42644
1.2728,-0.35575,-0.21898,0.8111
-0.13429,0.87403,-0.80086,-0.93248
0.68214,1.4568,-1.0223,-0.95651
0.40681,0.06346,0.42753,0.65478
1.8649,0.57223,-0.84859,0.60308
0.40319,-1.1296,1.513,-0.16994
0.20591,0.069457,0.82036,0.96189
0.18658,0.62934,0.18937,0.50768
0.98343,0.99109,-0.41201,-0.642
0.15066,0.13187,0.67127,0.82772
1.4783,-0.78095,0.33368,1.1379
-0.28019,1.0849,-0.77005,-1.0193
0.89201,0.6304,-0.26033,0.017161
0.30645,-0.35399,1.1818,0.20856
-0.10057,1.0263,-0.075041,-1.023
0.53591,-1.1991,1.674,-0.1133
0.53088,0.76226,-0.30287,0.84372
1.0561,-0.21472,0.16391,1.4678
0.15282,1.4177,-0.67026,-1.3406
0.15437,1.2559,-0.50624,-0.47888
-0.013418,0.84584,-0.078614,0.24549
0.83973,0.91811,-0.5142,-0.32686
-0.018973,-0.2066,-0.14859,0.35566
0.18066,-0.42485,1.344,0.24549
0.52708,0.70198,-0.2639,-0.40997
-0.80022,1.5178,0.31818,-0.90358
1.0349,-1.0253,0.68894,1.0764
0.048145,-0.33177,-0.036085,0.29964
-0.036101,0.45165,0.15299,0.47691
0.35774,1.1702,-0.84223,0.25657
0.49936,0.71961,-0.088173,-0.40383
0.65273,0.30851,-0.17782,0.37782
0.55677,-0.37056,0.87542,1.0795
1.7836,1.4389,-1.3482,-1.3467
0.85071,1.2351,-1.1702,-0.0062082
-0.038447,1.3877,-0.60228,-1.3978
-1.1345,-0.025379,1.2478,0.3772
1.6365,0.23129,-0.61896,1.0997
1.6214,-0.4178,-0.20725,1.0936
1.2879,-0.83314,0.22535,0.92619
0.49412,0.70551,-0.19731,0.8111
1.0084,0.87898,-0.63188,0.67324
0.17888,0.67025,0.11104,0.41229
1.3823,-0.24857,0.0070702,1.5287
1.0723,-1.0369,0.48797,0.52984
-0.21126,0.67729,-0.20864,0.2338
1.2797,0.97417,-0.80743,0.010403
1.2285,0.69987,-0.79193,0.53599
1.6672,0.34729,-0.78436,0.76125
0.11384,0.18862,0.35238,0.53476
1.2694,-1.0757,0.77702,1.1083
-0.64403,0.23799,-0.6474,-0.38226
-1.0009,-1.8842,1.8438,0.25657
-1.4119,-2.5308,2.7332,-0.65494
0.058663,0.001763,-1.0873,0.4129
-2.3337,1.1515,-0.32215,-1.1953
-1.6628,0.24187,-0.14502,0.092244
-0.37886,0.094129,-1.0076,0.078084
-0.66007,0.2334,-0.78139,-1.0697
-0.68797,-1.4586,1.0096,0.5163
-0.75984,-1.3539,0.89194,0.7077
-1.5184,0.50701,-0.53845,-1.8507
-1.8714,0.87439,-0.3643,-2.745
-0.067232,-0.22988,-0.77443,0.77664
-0.061315,0.52604,-1.4935,-2.4724
-1.7354,0.25668,-0.19373,0.01164
-1.1372,0.0077605,-0.42255,-0.43829
-0.6122,-0.28453,-0.14741,1.4124
-0.37524,-1.2012,0.73428,1.2715
-0.25352,0.21401,-1.1541,-0.95094
0.041947,-0.9174,0.071269,1.0911
0.39728,-0.17488,-0.78139,0.8788
-1.4269,0.35329,-0.40744,-1.2913
-2.3172,1.0235,-0.1812,-0.98664
-0.96119,-1.2181,0.98198,1.0037
-0.49799,0.14879,-0.61061,-0.17855
-1.5573,0.66637,-0.19731,-1.7831
-0.99324,-0.46117,0.37505,0.92989
0.2216,0.30215,-1.2893,-0.35518
-0.25963,0.12446,-0.96826,0.25473
-0.87163,-0.11846,-0.2812,0.047909
-0.44314,0.17699,-0.62274,-0.12996
-0.6732,-2.1207,1.9768,0.32796
0.029642,-0.28347,-0.51936,1.0247
0.10689,0.49925,-1.4376,-2.1296
-2.1355,1.057,-0.29392,-1.8194
-0.86614,0.3279,-0.47145,0.0079279
-0.98377,-0.34552,0.12435,1.1078
-0.95876,-1.564,1.5225,1.0056
-0.85773,-0.41181,-0.014995,1.3546
-0.72899,0.24468,-0.72571,-1.1294
-0.33927,-0.34411,-0.37484,1.0634
-1.0187,0.14349,-0.46946,-0.79278
-0.035348,0.23657,-1.3702,-1.3424
-0.41116,-0.031735,-0.67086,0.015924
-0.73796,-0.56059,0.13906,0.81603
-0.046759,-0.29793,-0.73128,0.80003
-1.6034,0.31837,-0.47583,-1.4224
-2.6298,1.24,-0.2641,-1.6618
-0.46469,0.1509,-1.0535,-0.005637
-1.7276,-2.5477,3.6394,-0.87712
-1.3416,-0.44812,0.26331,0.90896
-2.0174,0.93186,-0.31738,-2.9543
-0.85552,-1.4533,0.7953,0.36735
-2.4126,1.2964,-0.31897,-2.694
-1.5573,0.11918,-0.17842,0.015305
-1.5228,0.36068,-0.39432,-0.47213
-0.59816,0.15266,-0.88715,-0.33058
-2.0961,0.75028,-0.116,-2.5856
-0.49,-1.4713,0.83249,0.72371
-1.2004,0.071928,-0.20208,0.37597
0.37142,0.25668,-1.2595,-0.11149
-1.4718,-2.6207,3.7576,-0.75461
1.4465,1.0641,-0.89471,-0.12872
1.2074,-0.77707,0.12217,0.61785
0.13009,0.1576,0.68359,0.85357
-0.036772,-1.0866,0.73646,0.096552
1.5678,-0.89976,0.46927,1.0862
1.2229,0.70585,-0.8935,0.24241
1.3684,-1.1596,0.47284,0.29227
1.3455,1.5972,-1.2742,-1.5012
1.2379,-0.72876,0.22774,0.79695
-0.13528,0.71926,0.089367,0.22395
0.83354,1.2206,-1.1054,0.080559
1.3623,1.0708,-0.96984,-0.11516
1.0642,1.5658,-1.2996,-1.8569
0.52838,1.0637,-0.32971,-0.50782
0.20746,0.84829,-0.78975,-0.72386
1.2739,-0.7464,0.20486,1.0585
1.2427,1.405,-1.2786,-1.6249
0.36024,-0.342,0.64521,0.84865
1.3057,0.90895,-0.76866,0.15748
0.80762,0.16148,-0.20566,0.80987
-0.61952,1.2908,0.24203,-1.9406
0.91431,0.06346,0.16609,0.73417
1.1747,0.90048,-0.71439,0.11625
0.32717,-1.1413,1.6289,-0.32934
-0.60988,1.4219,-1.0094,-2.2238
0.89285,0.83737,-0.38696,0.9065
-0.82717,1.6642,0.2663,-0.99221
0.20919,1.3366,-0.64183,-0.28255
-0.056011,1.2432,-1.0868,-1.7388
0.59578,0.55742,-0.74123,0.0073091
1.2297,-0.087093,0.095121,0.99451
0.10881,1.5757,-0.64501,-1.3713
-0.85337,1.6582,0.29155,-1.9129
0.040114,1.4403,-0.68239,-1.4144
-0.94501,1.6374,0.27663,-0.99097
-1.0264,1.7445,0.33011,-1.2138
1.5489,1.3786,-1.3275,-1.4926
0.39939,0.75381,-0.36669,-0.57984
1.2729,0.64028,-0.78118,0.57969
1.5108,0.031376,-0.38995,1.3109
0.1879,0.89765,-0.027338,-0.60202
1.2134,0.76332,-0.88854,0.099012
0.7514,-1.0785,1.0645,0.60431
0.55276,-1.497,1.5625,0.4529
0.033353,-0.16324,0.60943,0.068232
0.82039,-0.21472,0.63846,0.43198
1.3416,-0.075098,-0.43646,1.021
1.2688,-0.23975,-0.085783,1.0936
0.77663,0.965,-0.39054,-0.22658
0.48898,-1.4819,1.6217,0.3095
1.2328,-0.16924,-0.14204,0.88926
0.63951,-1.2037,0.67145,-0.02715
0.68035,-1.4928,1.6295,0.35381
1.478,-0.84018,0.29691,1.144
-0.65473,1.6966,-0.22772,-2.7635
1.4853,0.97417,-0.88675,-0.022248
1.1469,-1.0003,0.6647,1.1182
0.51463,-0.75628,0.32753,0.18764
0.87576,0.70268,-0.35018,0.28796
0.12098,0.69104,-0.047222,0.39936
-0.19477,0.84371,-0.11083,0.24857
0.27877,-0.17488,1.0114,0.51199
0.66227,-0.77531,0.40725,0.52614
1.0598,0.17523,-0.085969,0.8271
1.906,0.59092,-0.88197,0.53784
0.048145,-0.33177,-0.036085,0.29964
1.1497,0.86417,-0.75376,0.50584
1.1078,-0.081794,-0.087175,1.2339
1.6489,1.1304,-1.1112,-0.16932
-1.084,1.3997,-0.63309,-2.0367
1.1927,-0.85712,0.24503,0.8148
1.1089,-0.855,0.32753,0.6837
0.02617,-0.2461,-0.78376,0.84188
-1.2336,-0.41815,0.22971,0.93666
0.14159,-0.13891,-0.89749,0.53722
0.061058,0.34623,-1.4315,-1.5676
0.30332,0.40265,-1.4486,-0.81372
-0.58961,-0.62018,-0.44621,0.46706
-0.80789,-0.4721,0.26452,0.61354
-1.3083,0.36034,-0.42951,-0.3004
-0.35265,-0.086037,-0.65494,0.031916
-0.50829,0.18334,-0.5949,-0.20316
-1.0567,-1.4939,1.7639,1.5835
-1.9961,0.8014,-0.37046,-2.6982
-0.38392,-0.80493,0.53686,1.0419
-0.69603,-2.0569,1.9066,-0.019773
0.56187,-0.011987,-1.0231,0.56861
0.27936,0.35927,-1.4016,-1.295
-0.23473,0.22459,-1.0358,-0.75523
-0.32579,-0.17523,-0.70207,0.29658
-0.7216,-0.14138,-0.40664,0.28181
-1.3413,-2.6743,3.8352,-0.40011
-0.74425,-1.4882,1.3323,1.2013
-0.92939,-1.8792,1.7637,0.43198
-0.94409,0.23693,-0.5293,-0.81187
-0.84046,-0.29228,-0.034878,0.39074
0.32295,-0.14702,-0.86805,0.75756
-0.86794,-0.56765,-0.055551,0.74094
-0.39792,-0.62865,-0.40426,0.5083
-2.5279,1.1748,-0.33865,-1.2058
-0.96664,0.027508,-0.43289,-0.23086
-0.11105,-0.26091,-0.55217,0.7711
0.37779,0.0063463,-1.0339,0.50891
-0.15782,-0.50207,-0.54242,0.87634
-0.85844,-1.4724,1.7676,0.61477
-0.64315,0.066629,-0.42752,-0.14224
-0.37308,-1.4011,0.78577,1.0936
-0.29663,-0.35399,-0.31023,0.52491
-1.0658,-1.9205,1.9481,0.43383
-1.4647,-2.5378,2.6877,-0.7103
-0.96664,-0.44424,0.13589,0.35381
-1.1238,-2.1183,1.7694,-0.36318
0.20331,-0.17382,-0.86965,0.77048
-2.3815,1.2545,-0.32096,-2.6619
0.10797,-0.032791,-1.0659,0.49783
-0.27531,0.21648,-1.1144,-0.9479
-2.6009,1.2048,-0.27365,-1.6089
-0.93291,-0.5412,0.37145,0.74033
-0.94817,-1.1356,1.1488,0.62031
-1.5673,-1.7424,2.5887,-0.15147
-1.0554,-1.5002,1.4255,0.90404
-1.0223,-0.39594,0.020388,1.0997
-0.79783,-1.4505,0.98498,0.82895
-0.39557,-0.41286,-0.40645,0.79325
-0.79829,-1.4787,0.84938,0.30519
0.065945,0.29898,-1.2702,-0.41858
-1.8925,0.28101,-0.1323,-0.14471
-1.0097,0.28629,-0.65295,-0.81063
-1.5389,-2.522,2.7058,-1.0094
-0.11377,0.0088169,-1.1054,0.25657
-0.42271,0.26196,-1.1225,-1.0642
-0.53256,0.047239,-0.92432,-0.040097
-0.97139,-0.08251,-0.51479,-0.044999
-1.7826,-2.5001,3.5543,-0.96389
-1.3295,-0.41357,0.28658,0.8228
-0.13058,0.17171,-1.1472,-0.70539
-1.6117,0.88603,-0.34362,-2.4872
-0.64108,-1.1586,1.1786,0.72986
-0.036758,-1.0866,0.73646,0.096552
0.371,0.29052,0.44324,0.80003
0.65882,0.27501,-0.19075,0.76679
-0.80631,1.0161,-0.71042,-0.30782
0.94002,1.2982,-1.3112,-1.3381
1.2796,1.4449,-1.2923,-1.6975
-0.66518,1.2266,0.080016,-1.8717
5.7952e-05,0.61631,0.14742,0.37474
1.2047,-0.19392,-0.068289,1.3767
-0.77166,1.7036,0.29651,-1.015
0.32464,0.39418,0.17087,0.72001
1.6222,0.33635,-0.65615,0.97789
0.048145,-0.33177,-0.036085,0.29964
-0.59359,1.5263,0.12375,-1.4907
1.5455,0.19532,-0.1651,0.95143
1.2554,-0.93996,0.50108,0.69478
1.714,0.57012,-0.99489,0.31627
1.3565,1.2368,-1.3931,-1.492
0.31296,0.23412,-0.26947,0.51014
1.7802,-0.063818,-0.3146,1.485
-0.62356,-0.063103,1.3185,1.0579
0.56736,0.018341,0.18062,0.52738
0.42686,-0.24539,0.77662,1.1502
1.1988,1.38,-1.315,-1.7726
0.2629,1.1011,-0.80146,0.13718
1.2137,1.381,-1.2361,-1.3756
0.48782,0.82362,-0.32196,0.7551
-0.56781,1.6335,-0.28816,-2.6786
1.1132,0.88743,-0.62671,0.66831
-0.97016,1.6349,0.098717,-1.9911
0.80287,-1.0433,0.6482,0.648
1.8815,0.62301,-0.88318,0.5403
1.3083,-0.99814,0.34006,0.55876
0.51948,1.1839,-0.86687,0.20734
-1.0303,1.5718,0.12475,-1.0815
0.59546,0.84442,-0.22037,-0.49059
0.62565,-1.3225,1.4782,0.16118
-0.018973,-0.2066,-0.14859,0.35566
0.25259,-0.091319,0.89908,0.35997
-0.19548,1.173,-0.10486,-1.4446
1.6688,1.075,-1.0786,-0.17979
0.317,0.71503,-0.21639,0.80433
0.073314,0.20554,0.67185,0.87511
0.93608,1.1603,-0.99728,0.10701
-0.087568,0.78131,0.14285,0.15194
1.1977,0.72631,-0.79849,0.55138
1.134,0.91281,-0.85077,0.022683
0.24545,1.0221,-0.070679,-0.78664
0.92497,-0.89518,0.86609,0.96066
-0.19698,1.4311,-1.1855,-2.345
1.2068,0.30392,-0.16093,0.73479
1.1057,0.081452,0.11442,0.91573
0.62452,0.94278,-0.63248,-1.0045
-0.64101,1.8027,-0.16391,-3.0257
0.73484,0.053594,0.30765,0.94528
1.1373,0.40546,-0.19452,0.72801
1.1452,1.3571,-1.2706,-1.5111
0.77831,-1.148,1.1502,0.56861
1.6138,1.0486,-1.0323,-0.24933
1.3753,0.23976,-0.13031,0.87634
0.23613,0.94067,-0.22892,-0.8765
-0.23563,1.2608,0.17009,-1.5172
1.1911,1.2051,-1.3412,-1.3522
0.7818,1.4963,-1.0919,-1.3732
0.030159,-0.88356,0.39254,0.098398
1.2465,1.5725,-1.2355,-1.5006
1.2883,1.4085,-1.2366,-1.4236
0.74651,0.24504,0.14721,0.69478
0.47175,-0.4587,0.97163,1.1878
0.080265,1.3183,-0.39114,-0.22472
0.98765,-0.25773,0.00089857,1.1361
-0.95475,-0.37972,-0.0146,1.2222
-0.79333,0.14138,-0.49193,-0.55275
-0.27503,-0.39347,-0.43527,0.86526
-0.88996,-1.5383,1.2114,0.40674
0.13441,0.49712,-1.545,-2.3278
-0.69156,-1.1959,1.2251,0.65047
-0.46765,0.18404,-1.1611,-1.0728
-0.14918,0.27924,-1.3468,-1.5319
-1.0258,-1.5721,1.2625,0.28611
-0.48817,0.010231,-0.86169,-0.0019245
-1.696,-1.6441,2.4519,-0.12501
-0.66074,0.037731,-0.43388,-0.22658
-1.1712,-2.3757,2.4402,-0.74419
-0.60235,-0.73795,0.73686,0.79387
-1.3809,-2.4017,3.0096,0.2738
-1.2486,-1.7978,2.0981,1.0296
-0.18501,-0.26055,-0.40048,0.50153
-2.4032,0.77109,-0.07286,-2.5825
-1.4952,0.54826,-0.47523,-2.0176
-0.15148,-1.0101,0.092336,1.0037
-1.236,-0.22389,0.30308,0.45414
-0.58842,-1.442,0.79291,0.55138
0.43836,0.38924,-1.3776,-0.57184
-1.2038,-0.2743,-0.21977,0.6
-0.67253,-0.30322,-0.59392,0.33596
-0.65325,-0.49607,0.22296,0.7551
-0.83533,-1.8073,1.7998,1.0148
-0.10217,-0.51301,-0.091351,0.79941
-1.21,-2.4127,2.4495,-0.46104
-0.8012,-1.8009,1.4575,0.2498
-0.40186,-1.2749,0.615,0.99697
-1.5454,0.35892,-0.40744,-1.287
-0.70208,-0.70445,0.66391,0.70032
-0.96682,0.29723,-0.48597,-0.026532
-1.4528,-2.6581,3.7545,-0.67893
-1.4194,-1.4417,2.1173,0.33412
-0.70035,-2.0111,1.5571,0.052859
-0.78738,-1.4886,1.2307,1.1232
-0.83462,-0.059934,-0.31361,0.033154
-0.65825,-0.64487,0.60983,0.82956
-1.4184,-2.6549,3.7604,-0.61925
-0.68825,-1.4315,1.0114,0.98281
-0.64488,-0.65403,0.25934,0.85234
-1.6332,0.47809,-0.43825,-1.9154
-0.2793,-1.0856,0.16452,1.0161
-1.28,-0.35187,-0.097906,0.58892
-0.78175,-1.4092,0.97859,0.76987
-1.1278,0.23093,-0.54123,-0.93005
-0.84032,-1.5161,0.96071,0.50584
-1.6992,0.51759,-0.47483,-2.0372
0.3189,0.37654,-1.4152,-0.6697
-1.0129,-0.050068,-0.5297,-0.13734
-0.42586,-0.30533,-0.3315,0.39874
-0.79938,-1.4011,0.98676,0.66031
-1.0483,0.20237,-0.51738,-0.87774
0.037156,0.33601,-1.4418,-1.4993
-0.49052,0.13187,-1.0488,-0.057326
-1.0575,-0.49043,0.30387,0.48799
-1.5349,-1.3638,2.0181,0.084224
0.080877,-0.3353,-0.36788,0.67878
-0.64393,-1.9751,1.8718,0.4012
-0.5397,-1.563,1.0711,0.74279
0.63113,0.3702,-1.4388,-0.43767
-0.22957,-0.70304,-0.34641,0.83572
-1.5873,0.17065,-0.12236,0.25596
-0.0097072,-0.097657,-0.66072,0.30089
0.3876,1.2361,-0.85137,0.21718
0.78732,0.19462,-0.23806,0.84619
1.883,1.0168,-0.93206,0.33535
-0.72111,-0.18969,1.5696,0.85665
1.124,-0.18898,0.053381,0.93666
1.4675,-1.0221,0.31579,0.7194
-0.10922,1.2033,-0.54123,-0.59093
0.88666,-0.14421,-0.17444,0.99266
1.0668,-0.13821,0.080016,1.2044
1.6521,1.1498,-0.9951,-0.15085
1.6175,1.0701,-0.93346,0.074991
1.3156,0.24046,-0.65476,0.8548
1.2275,-0.88073,0.47802,0.96558
1.1235,-0.16007,-0.1645,0.86896
1.3223,-0.88426,0.27524,0.67078
1.3163,1.4209,-1.2187,-1.4821
1.5386,0.052879,-0.38537,1.3065
1.9904,0.17804,-0.63209,1.2598
-0.60988,1.4219,-1.0094,-2.2238
-0.27935,0.37373,0.3983,0.39013
0.012409,-0.43543,1.3891,0.74094
1.216,-0.69423,0.28598,1.093
1.3296,-0.80564,0.14245,0.88804
0.049556,1.3951,-0.71678,-1.5233
1.1645,-0.19215,-0.10188,1.0468
0.40815,0.47421,-0.0050643,0.60615
1.3977,-0.33953,0.14941,1.1059
1.0544,0.7397,-0.77701,0.39505
0.85947,-1.0193,0.517,0.41229
0.7507,0.27113,-0.1818,0.37351
0.29438,1.0415,-0.36987,-0.4746
0.65396,1.2125,-1.0764,-0.051139
0.41138,-1.1431,1.6523,-0.442
1.3417,0.98368,-0.96687,0.054715
0.78729,0.6364,-0.15496,-0.14162
0.56578,-0.11565,0.65417,0.99759
0.79429,1.5154,-1.0899,-1.4741
0.63982,1.3701,-1.0609,-0.85804
0.054392,1.508,-0.64641,-1.4926
1.1883,1.4011,-1.2631,-1.6046
-0.94839,1.7371,-0.25735,-3.1254
0.93313,-0.7679,0.19333,0.71448
-0.17439,0.72842,-0.069287,0.02887
1.8269,1.3909,-1.3203,-1.2482
1.2236,0.1791,-0.10884,0.85541
0.89366,1.1991,-0.99768,0.073182
1.628,-0.38854,-0.22057,1.0425
0.78482,1.5048,-1.113,-1.4169
1.936,0.72312,-0.92531,0.3932
0.13361,1.2326,-0.82292,-1.423
1.0288,1.4371,-1.1897,-1.1934
0.76569,1.0369,-0.37901,-0.27089
1.218,-1.1438,0.46352,0.31135
-0.034503,0.83737,-0.16252,0.30211
1.374,-1.2312,0.57602,0.23195
-0.25037,1.0676,-1.0514,-0.63586
0.38451,-1.2795,1.6842,-0.25242
1.5799,-0.21014,-0.14482,1.1429
0.50144,0.21895,-0.36132,0.44244
1.6527,-0.33283,-0.2486,1.0979
-0.28761,-0.50595,1.5438,0.8031
1.481,-0.90223,0.27841,0.83018
-0.798,1.5524,0.415,-1.7597
0.71535,-0.090262,0.073056,0.76433
0.10792,-0.26514,0.18598,0.79756
0.83101,0.033847,0.10229,0.74956
1.0912,0.81551,-0.5142,0.7951
1.5333,-0.036676,-0.33627,1.2776
1.4831,0.97311,-0.77501,0.3889
0.15803,-0.21507,1.0701,0.3612
1.5048,0.026094,-0.38696,1.1564
-0.1465,1.1536,0.00029533,-1.3209
-0.73922,-1.5464,1.507,1.0277
-0.77106,0.13926,-0.91181,-0.49611
-0.031777,-0.30639,-0.39094,0.63693
-0.49921,-1.4625,1.0271,0.8271
-0.6891,-1.393,0.91757,0.85234
0.014051,0.24504,-1.3698,-1.3572
-1.7278,0.92834,-0.3967,-2.6576
-0.90301,-0.060291,-0.34382,-0.26351
-1.0641,-0.34552,-0.027338,1.0628
-2.3622,0.80809,-0.20228,-2.7696
-0.36707,-1.0094,0.10429,0.85357
-1.0585,-1.2915,1.0917,0.87757
-0.081461,-0.00070763,-1.0859,0.27319
0.057864,0.26901,-1.2476,-0.28198
-0.41919,0.10437,-1.0311,-0.033909
-1.3347,-0.38325,0.17048,0.85357
-0.14195,-0.50665,0.0011074,0.93543
-0.76191,-1.9092,1.4667,-0.24995
-0.76782,-1.4064,1.0907,0.63508
-0.80152,-0.11388,-0.26112,0.056571
-1.2527,-1.5393,2.3183,0.52738
-0.7751,0.25738,-0.60603,-0.56508
-0.51462,-1.4159,0.95774,0.94774
-0.91894,-1.4262,1.0758,0.46829
-0.97217,-2.0234,1.6422,-0.32444
-1.1724,-0.43049,0.28001,1.2229
-0.80275,-0.27466,-0.14482,1.2425
-0.11147,0.30885,-1.3539,-1.5147
-1.1116,0.34059,-0.43845,-1.1639
-0.36453,-0.033848,-0.82313,0.20056
-1.8561,-1.1783,2.0899,0.31443
-0.66102,-1.7653,1.7287,1.0284
-0.10992,-0.28946,-0.43408,1.029
-0.75414,-1.8253,1.5257,0.35074
0.55719,-0.021154,-1.0106,0.66709
-1.2147,-0.024681,-0.15317,0.35135
-0.19721,-0.52357,-0.54501,0.84249
-0.2963,0.20026,-1.0112,-0.71277
-1.0976,-0.34411,-0.1812,0.59631
-0.25761,0.094487,-1.009,0.25226
-0.85193,-0.15725,-0.39054,0.2338
-1.3339,-1.5612,2.3304,0.29535
-0.32523,0.15724,-1.1697,-0.90849
-0.46756,0.017984,-0.87304,-0.039478
-1.4098,0.34446,-0.34263,-0.442
-1.0299,0.27642,-0.64262,-0.7885
-0.44497,-0.32084,-0.31182,0.45721
-1.701,-2.5318,3.3082,-0.23272
-0.14378,0.25174,-1.3527,-1.463
-0.53745,0.065572,-0.90981,-0.12072
-1.5317,0.36632,-0.37921,-0.43952
-0.82002,0.27007,-0.73824,-1.2648
-0.37082,-0.23235,-0.4138,0.25103
-0.5061,-0.31309,-0.3814,0.78464
-0.46155,0.2274,-1.1776,-1.0008
0.031661,0.29334,-1.2696,-0.38041
-1.892,0.23482,-0.077639,-0.12011
-1.4627,-0.0031782,-0.33249,-0.62724
-1.1963,-2.5914,2.8016,-0.68321
-0.073666,-0.41639,-0.41798,1.1391
-0.76743,-1.3197,1.0376,1.144
-2.0471,1.2266,-0.42156,-2.2496
0.31116,-0.003519,-1.0925,0.59815
-0.50843,-0.35998,-0.53447,0.56861
-1.7372,-1.3179,2.2016,0.31566
-0.70725,1.5199,0.26649,-0.83033
1.0449,1.1593,-1.0184,0.29473
0.79302,0.69809,-0.43249,0.23749
0.58062,0.8014,-0.21202,-0.48631
0.19951,0.99884,-0.38975,-0.69925
0.50397,0.99743,-0.37961,-0.84328
1.2767,0.28312,-0.15596,0.7551
-1.1171,1.6155,0.26491,-2.0883
1.3315,0.83384,-0.62135,0.92927
1.2182,0.93609,-0.74759,0.63385
0.86647,-0.20696,0.20705,1.4555
1.6306,-0.29123,-0.27722,1.1429
1.2362,-0.97029,0.34463,0.57661
1.5659,-0.055009,-0.32434,1.3478
1.1343,0.64134,-0.72234,0.45414
1.4531,-0.94561,0.34124,0.69909
0.17447,-0.97451,0.75296,0.42644
1.0841,1.4085,-1.3164,-1.8022
0.23391,-0.2186,1.0653,0.28981
0.20394,1.1131,-0.71221,-0.42353
0.62252,0.69387,-0.20128,0.97174
0.16249,0.99743,-0.96169,-0.35395
-0.078784,-0.40617,1.4685,1
0.98794,0.73336,-0.29591,-0.12134
0.60246,0.70832,-0.45833,-0.49431
0.2495,-0.18545,0.94143,0.29596
1.3306,1.2844,-1.4678,-1.9252
0.44501,0.16818,0.3496,0.61969
1.0995,-0.10471,-0.024739,1.3552
0.079657,1.4424,-0.64977,-1.2963
-1.6602,1.1247,0.40407,0.13102
-0.59327,1.411,0.18122,-2.1
-0.036772,-1.0866,0.73646,0.096552
0.80445,1.2199,-1.0925,0.1064
0.68175,0.94878,-0.32056,-0.26166
1.393,-0.26655,0.14941,1.1385
0.53855,0.85464,-0.19035,0.88311
0.53021,-0.24857,0.75396,1.085
1.176,1.3387,-1.2309,-1.1141
-0.59496,-0.056764,1.3017,0.76925
-0.55701,-0.10682,1.4625,0.86526
0.46021,-1.1469,1.5816,-0.41611
0.63152,1.3137,-1.0464,-0.72572
-0.018973,-0.2066,-0.14859,0.35566
1.8458,1.0006,-0.94719,0.12671
0.11872,1.2206,-0.60921,-0.14657
0.55121,-0.0098744,0.29036,0.79264
1.3899,-0.85112,0.38159,1.1736
-0.83705,1.5845,0.11839,-1.0704
0.75559,1.3345,-1.0609,-0.85865
-0.15007,1.0979,-0.20645,-1.2488
0.84283,0.75415,-0.49491,0.28796
0.55635,-0.012686,0.40368,0.7711
1.067,0.84301,-0.56947,0.21903
0.59736,-0.67518,0.26909,0.53784
0.29579,1.1748,-0.67979,-0.2875
1.2465,-0.27043,0.1993,1.5964
1.291,-1.1466,0.45277,0.33289
-1.0181,1.8415,-0.11143,-3.07
0.39112,1.1289,-0.22713,-0.46965
1.6778,0.27078,-0.61518,1.0493
0.254,0.76298,0.035492,0.8985
0.74729,0.11918,0.10526,0.75879
1.1713,0.14632,-0.17087,0.72986
-0.22511,1.2435,-1.1838,-2.6743
1.0417,-0.13187,0.17227,1.5601
0.55635,-0.25315,0.73985,0.41721
2.2482,0.56165,-0.91418,0.8271
1.2139,-0.84442,0.26352,0.66339
-0.25037,1.0676,-1.0514,-0.63586
-0.16946,-0.42309,1.4672,0.78279
0.12112,0.80423,-0.58935,0.063948
0.63641,-1.0334,0.88994,0.37597
0.76952,0.65931,-0.30903,-0.18288
1.8142,1.4554,-1.3414,-1.4975
1.2873,0.59479,-0.74698,0.67939
1.6771,-0.27184,-0.28259,1.1287
-0.018959,-0.20661,-0.1486,0.35566
1.3087,0.91212,-0.89889,-0.0086832
0.48821,-1.4308,1.5438,0.36797
-0.017221,0.79682,-0.40167,0.29843
-0.46709,0.21754,-0.74698,-0.83462
-0.79347,-1.5002,0.94442,0.59446
-0.72399,-1.4085,0.75635,0.648
0.42461,0.39665,-1.4617,-0.69987
-0.87831,-0.58562,-0.041445,0.7791
-1.2172,-0.33812,-0.1651,0.54092
-1.2476,-1.4931,2.1676,0.083034
-1.063,0.33107,-0.40167,-0.041905
-1.4919,-1.7072,2.037,0.87696
-0.94343,0.19921,-0.88039,-0.70416
-0.62444,-0.68153,0.32753,0.85603
-0.90554,-0.3561,-0.017779,0.46768
-1.2559,-0.25562,0.28419,0.53661
-1.6092,0.26232,-0.43527,-1.2833
-0.93256,-0.077568,-0.49292,0.0091653
-0.73349,-1.7756,1.7899,1.1564
-1.3026,-2.4984,3.2853,0.49968
-1.1778,0.36315,-0.4303,-1.3522
-0.34218,-1.2079,0.47384,0.592
0.68875,0.44882,-1.4818,-0.81249
-0.87472,0.32648,-0.50883,-0.010539
-0.60446,0.22987,-0.73427,-0.98483
-1.7626,0.26054,-0.16947,0.11625
-0.89952,-0.12623,-0.45316,0.18087
-0.47193,-1.674,1.249,0.72986
-0.5403,-1.3225,0.73468,0.89419
-0.58768,-0.61559,0.25995,0.81295
0.086228,0.37443,-1.3844,-1.404
-1.1033,-0.049353,-0.13031,0.52368
-0.67685,-0.70551,0.048207,0.99266
-0.28278,-1.2739,0.78358,1.3035
-0.66715,-0.59515,0.24085,0.80433
-0.40539,-1.3014,0.56431,1.0542
0.27651,0.029962,-1.0657,0.62831
-1.6099,0.14526,-0.1659,0.22457
-0.29907,-0.27219,-0.40227,0.39566
-1.3206,-0.33213,0.36291,0.3532
-0.71368,-1.4473,0.78219,0.11809
0.1932,0.25562,-1.2452,-0.24747
-1.215,-0.44213,0.30347,0.97543
-1.0165,-0.36915,0.0015018,0.34889
-1.4017,-0.0045754,-0.281,-0.59459
-1.6285,-1.7216,2.4899,-0.19516
-0.91423,0.18721,-0.88418,-0.58659
-1.2079,-1.8877,1.8977,0.21964
-0.89977,-1.5027,0.97484,0.34274
-1.0505,-1.582,1.2826,0.24919
-1.0815,-1.0799,1.0639,0.50091
-0.54614,0.24081,-0.63645,-0.36442
-0.71643,-0.39383,0.051594,1.4764
-0.16148,-0.35716,-0.35058,1.1478
-0.07005,-1.0969,0.16749,1.2549
0.32059,-0.28735,-0.76012,1.1982
-2.3206,1.1564,-0.37444,-1.1627
-0.91479,-0.056066,-0.3138,-0.23148
-1.0003,0.31026,-0.41758,-0.04933
0.27824,1.1681,-0.83784,0.18333
1.251,-0.78871,0.23131,0.97789
0.51554,0.97804,-0.28856,-0.91344
1.6915,1.5513,-1.3342,-1.3849
1.4071,1.3571,-1.41,-1.2169
-0.23985,-0.35786,0.81419,0.64062
0.86334,-0.25139,0.74085,0.45106
1.3127,-0.91529,0.52096,1.085
1.6128,1.1374,-1.0058,-0.042524
0.15559,0.83348,-0.12892,0.48553
0.70877,-1.404,1.5233,0.66524
0.60781,-1.4999,1.5671,0.52861
0.66128,1.4896,-1.143,-1.7018
0.87329,1.5178,-1.1001,-1.3947
0.98544,1.3162,-1.0684,-0.66784
0.73849,0.16888,-0.51499,0.50891
1.311,1.5841,-1.1627,-1.3756
0.81096,0.93362,-0.30764,-0.63709
1.4461,1.0743,-0.88497,-0.18841
-0.11128,0.74181,-0.68378,-0.61063
-0.7489,-0.14596,1.7243,1.0191
-0.54631,1.5002,0.16152,-2.1222
-0.77025,1.7079,0.39373,-1.764
-0.88767,1.5171,0.22336,-1.0605
-0.21144,0.97206,-0.044438,-1.1577
0.94562,-0.86204,0.12257,0.3889
-0.018973,-0.2066,-0.14859,0.35566
1.4547,-1.0866,0.41282,0.56923
1.2581,1.4882,-1.2845,-1.8434
1.3046,-0.95442,0.56391,1.3429
1.744,1.3754,-1.2078,-1.034
0.31947,-1.081,1.5527,-0.25856
0.52775,-0.32754,0.79312,0.40551
0.44012,1.1631,-0.61757,-0.092405
1.4712,1.4068,-1.303,-1.5387
1.6167,-1.1744,0.48837,0.45414
-0.036772,-1.0866,0.73646,0.096552
-0.76269,0.016212,1.4766,1.0124
1.0877,-0.10895,0.12296,1.4235
1.4145,0.098014,-0.084994,1.0284
-0.20924,-1.4286,1.6148,-0.15704
-0.80631,1.0161,-0.71042,-0.30782
1.0947,1.2693,-1.2605,-1.3159
1.2193,-0.032093,0.047209,1.0277
-0.68217,-0.31556,1.2692,0.32612
0.98375,1.008,-1.1444,-0.011158
0.85078,1.2076,-1.1969,-1.0211
0.37856,-0.32084,1.1219,0.42275
1.7536,1.4011,-1.2718,-1.1934
0.54456,1.2506,-1.1412,-0.32382
1.029,1.3426,-1.2108,-1.2002
0.71021,0.1777,-0.27782,0.5403
0.18714,1.1025,-0.64005,-0.13053
1.5838,0.96817,-0.86787,0.16118
1.0749,0.81234,-0.60367,0.38274
1.5159,0.031734,-0.29253,1.3546
0.15854,0.7954,-0.19472,0.35689
0.30469,0.11141,0.14224,0.47691
0.46724,0.41674,0.17187,0.92619
0.96943,0.65262,-0.36728,0.42398
0.73839,0.95512,-0.42156,-0.69307
1.1224,-0.078625,-0.011027,1.485
-0.19003,-0.45835,1.4756,0.87265
0.92638,-1.0792,0.56291,0.17841
1.3898,-1.1589,0.45674,0.55322
-0.27122,-0.43825,1.4543,0.91143
0.6126,-0.4654,0.85952,0.24365
1.5033,1.0859,-0.91835,-0.14224
1.2739,-0.25914,0.013613,0.87819
1.0467,0.59338,-0.90961,0.13902
0.047769,0.9724,0.041246,-0.96698
1.1756,0.89554,-0.67682,0.75818
1.0875,-0.20485,0.068485,0.87388
0.88765,-1.1103,1.0462,0.83941
-0.63141,1.4946,0.070666,-0.81434
0.49373,0.71679,-0.12932,0.83018
-0.88282,1.5164,0.28916,-1.735
0.91125,-0.89625,0.27584,0.30643
0.3919,1.2368,-0.70306,-0.2598
1.1165,0.84089,-0.59392,0.70155
1.3826,-0.8564,0.22693,0.94096
1.4832,-1.1505,0.47741,0.44736
0.11069,0.91212,-0.057361,0.31073
-0.13833,1.1247,0.011247,-1.3036
0.2056,1.2245,-0.46827,-0.24809
-1.1074,1.624,0.1651,-1.319
-0.015343,-0.35187,-0.3317,0.73417
-1.5063,-2.5093,3.3143,-0.042524
-0.79234,-1.8672,1.7676,0.50891
-0.7387,-0.37867,0.0060726,0.57907
-1.0913,-2.1084,1.7903,-0.25733
-0.45629,0.0021208,-0.87483,0.048527
-1.5605,-2.6274,3.7771,-1.0131
-1.5657,-1.7438,2.5654,-0.11701
-0.93843,-1.5256,1.4144,0.85911
-0.79952,-1.8761,1.8199,0.51753
0.1623,0.48584,-1.448,-2.0939
-2.0806,1.0665,-0.25973,-1.828
-1.1668,-0.025737,-0.16431,0.34643
-0.001912,-0.48937,-0.57325,0.72001
-0.934,-0.36809,-0.19433,0.59385
-0.15303,-0.30392,-0.36987,0.57107
-0.88746,-0.41004,0.071084,1.397
-0.56974,-0.54085,0.2009,0.93481
-1.3438,-2.5407,2.7046,-0.72753
-0.22783,-0.44389,-0.30188,1.1367
-1.922,0.95089,-0.35535,-3.0041
0.1144,-0.27783,-0.70724,0.9662
0.11163,-0.0010654,-1.0458,0.46952
-0.45981,-0.045843,-0.83388,0.19564
-0.75424,-1.1416,1.1168,0.75633
-1.8549,0.80987,-0.3806,-2.5635
-2.2216,0.97734,-0.19532,-0.82048
-1.0772,-0.29687,0.092336,1.0302
-0.63309,-0.29616,-0.11421,1.3195
-1.0643,-0.50735,0.57941,0.93727
-0.74024,-0.68365,0.043242,0.90589
0.35753,0.28699,-1.2653,-0.19274
-2.3926,1.0373,-0.22574,-0.96575
-1.2738,-1.6183,2.4293,0.29165
-0.91951,0.24821,-0.60863,-0.69987
-0.7528,0.14879,-0.87601,-0.5509
-1.0549,-1.3141,1.0707,0.58954
0.087262,0.4989,-1.5338,-2.3382
-0.46169,-0.70445,-0.33627,0.61477
-1.9282,-1.3162,2.2845,0.38151
-1.0742,-1.4956,1.1182,0.27073
-1.196,-2.0869,1.7138,-0.4389
-2.0667,0.90542,-0.2989,-3.0331
-2.4474,1.3084,-0.38319,-2.7475
-0.82502,-1.3772,0.97641,0.79818
-2.015,-1.2044,2.0732,0.03501
-0.23713,-0.63146,0.17108,1.1582
-0.70419,-1.5619,1.1963,0.50645
-0.71017,-0.69493,0.072058,0.99636
-1.0636,-0.39418,-0.10745,0.77171
-0.70598,-0.14632,-0.48954,0.16795
1.0634,1.295,-1.2549,-1.1436
0.97422,0.65367,-0.49909,0.27565
0.35675,-1.1589,1.6114,-0.43643
0.17663,1.1864,-0.71478,-0.22287
0.095669,-1.2643,1.61,-0.79954
-0.49207,1.276,0.077232,-1.7474
0.18668,0.66742,0.21482,0.59877
0.85212,0.85112,-0.50843,0.79756
1.5804,0.6089,-0.89907,0.32612
1.8902,0.52604,-0.84362,0.77602
0.73976,0.11529,0.16152,0.66278
-0.065213,0.97487,-0.094924,0.15133
1.4192,0.062761,-0.10208,0.96251
0.98892,0.80211,-0.47145,0.98097
0.36826,0.97381,-0.97104,0.074991
-0.37937,-1.1124,1.6124,-0.72262
1.0318,-1.2111,0.53268,0.023301
1.0222,-1.1138,0.59969,0.45414
1.094,-0.11635,0.13906,1.5927
1.2518,-1.0888,0.54124,0.51506
0.58896,0.83031,-0.3639,0.80064
1.066,1.4935,-1.1148,-1.3885
1.4898,-0.10437,-0.31142,1.4758
0.55586,0.7189,-0.23627,0.83818
-0.22511,1.2435,-1.1838,-2.6743
0.58301,-0.16677,0.73168,1.1545
0.03017,-0.88356,0.39254,0.098408
0.46288,-0.35751,0.8782,1.1822
0.72193,-0.49713,0.91479,0.49353
0.64362,-1.0919,0.52393,0.27565
0.24021,1.1462,-0.54759,-0.29488
1.1078,-0.97451,0.47366,0.50768
-0.19881,-0.6304,1.6088,0.73479
-0.39731,1.1406,0.10308,-1.4932
0.99367,-1.0877,0.55795,0.49537
1.918,0.67342,-0.9778,0.42398
1.3235,-0.20062,-0.13111,0.92558
1.4819,1.4671,-1.3881,-1.4347
0.68999,1.2925,-1.0617,-0.86479
-0.64263,-0.060649,1.4247,0.94035
0.93559,-0.82467,0.19155,0.67324
0.52511,0.99392,-0.36331,-0.8974
0.0026435,0.17487,0.67862,0.90773
1.2621,-0.78765,0.25477,0.74155
0.90305,0.66284,-0.84181,0.25042
0.97488,1.1529,-0.99789,0.19503
1.0853,0.75134,-0.73705,0.55753
1.352,0.097656,-0.21162,0.73909
1.1782,1.3853,-1.2261,-1.2113
-0.29264,0.69104,-0.0014912,0.014068
0.78602,1.4131,-1.1227,-1.3399
0.11985,1.2153,-0.88318,-0.093642
1.1916,-0.28805,0.14285,1.5459
1.4661,0.63112,-0.81696,0.65909
1.3391,-0.75098,0.04881,0.90773
-0.13664,0.81973,-0.075829,0.12302
0.10159,-0.33671,0.99133,-0.075794
0.55775,-0.18722,0.75157,1.2431
0.25815,1.2326,-0.80842,0.18333
0.34961,1.1011,-0.81139,-0.36937
0.077824,0.55531,-0.076641,0.36674
1.2296,-0.82432,0.18916,0.71386
0.82644,1.5432,-1.1496,-1.5289
1.8686,1.4071,-1.4346,-1.4969
1.2355,0.83984,-0.68258,0.3015
1.169,-1.2516,0.56331,-0.029007
0.51558,-0.16148,0.65635,0.9545
1.3131,-0.40335,-0.26987,0.6997
1.0286,-1.0613,1.0734,0.65416
1.3515,-0.77954,0.17166,1.0167
0.11534,0.66426,-0.046804,0.25965
0.021801,1.4145,-0.5788,-1.3442
0.42609,1.0119,-0.52752,-1.1258
0.98727,-0.95936,0.90087,0.76371
1.1673,-0.95759,0.60247,1.1884
0.99743,0.2549,-0.27623,0.53538
-0.31109,-0.56059,1.3198,0.37536
0.85602,1.3764,-1.0679,-0.91282
-0.40078,1.1589,0.19115,-1.6206
-1.0135,1.8235,-0.15357,-3.0792
0.64053,1.0524,-0.38199,-0.98911
-0.36871,-0.34306,-0.3981,0.80618
-0.28099,0.16535,-1.1702,-0.8894
-0.42506,-0.64732,0.2331,1.1059
-0.31954,-1.0686,0.13746,0.92496
-1.2866,0.14843,-0.24939,0.15748
0.16864,0.24115,-1.2653,-0.22962
-0.96907,0.2119,-0.55634,-0.7251
-0.94687,-1.9166,1.8504,0.1581
-0.33776,-0.36985,-0.4301,0.76679
-1.1762,-2.0435,1.6283,-0.38226
-1.3178,-0.31027,-0.19591,0.42644
-1.416,-1.3888,2.0513,0.01778
-1.9542,-1.2326,2.0851,0.062092
-0.97987,-1.1515,1.2182,0.53845
-1.7307,-2.5918,3.6916,-0.96513
-0.73782,0.2327,-0.85097,-0.49059
-0.78084,-1.7103,1.3198,-0.0093019
-0.89868,-0.33706,0.12793,1.2112
-0.64878,-1.5386,0.98556,0.71632
0.28042,0.33565,-1.4444,-1.3399
0.071344,0.55884,-1.5345,-2.3462
-1.1667,0.33635,-0.36808,0.01164
-0.48179,-1.1966,0.72832,1.2271
-0.80525,-1.9638,1.48,0.10209
-0.056433,0.50348,-1.4657,-2.2028
-0.040702,-0.49678,-0.070284,0.98897
-1.2579,-2.5488,3.3131,0.25226
-0.020179,-0.46787,-0.14204,0.92189
-1.09,-2.5107,2.6151,-0.34105
0.10924,-0.97029,0.049993,1.317
0.25689,0.33918,-1.381,-1.2735
0.3532,-0.21366,-0.7945,1.056
0.61931,0.44776,-1.4788,-0.73
-1.7976,-1.2925,2.2207,0.40798
-0.058874,-0.20273,-0.48179,0.584
-1.5672,-2.5086,3.2998,0.11194
-1.3445,-1.7273,2.0728,1.0345
0.18761,0.32718,-1.4684,-1.3996
-0.92573,-0.68964,0.073659,0.78218
-1.5087,0.27254,-0.4134,-1.2704
-0.7699,-0.34129,-0.50008,0.39074
-1.4153,-1.4473,2.1177,0.48921
-1.4743,-1.7403,2.0662,0.74833
-0.40003,0.17629,-1.1583,-0.93005
0.058663,-0.15725,-0.83763,0.61354
-1.1294,-1.2982,1.0488,0.74648
-0.068594,0.028207,-1.102,0.25042
-1.5208,-1.662,1.9543,0.79325
-1.035,-0.36633,0.020968,1.1416
-0.17773,0.3099,-1.378,-1.4569
-0.4685,-1.0919,0.18637,0.80864
-0.048733,0.50489,-1.5189,-2.3991
-0.64836,-0.68964,-0.3484,0.47568
-2.6278,1.2559,-0.28577,-1.5935
-0.68297,-1.5746,1.5082,1.1521
-0.60787,0.12798,-0.51936,-0.40011
