2.5641,-0.47149,0.61447,-0.93535
-0.53543,1.7154,-1.6953,0.12046
0.34035,-2.1087,-0.69497,-0.93535
0.98431,-0.44203,0.62986,2.76
-0.57836,-1.6072,-1.0928,0.64837
-0.28643,-0.43843,0.81644,-0.40744
-0.32936,1.0734,0.74065,-0.93535
-0.53543,-1.6573,1.0019,-0.93535
-0.20057,1.5154,-1.829,-0.93535
-0.1233,1.2914,-1.4907,1.7042
-0.47532,-0.57527,0.88206,-0.93535
0.3747,-0.46986,0.76883,-0.40744
-0.20916,0.77026,0.21523,0.12046
-0.11471,1.4168,0.86515,0.12046
0.0054954,-0.27768,0.5661,-0.93535
-0.41522,1.0217,-0.11234,-0.93535
-0.62987,1.0128,-0.28446,-0.93535
-0.44098,-0.75697,-1.9226,-0.40744
-0.45815,1.3134,0.40467,1.7042
-0.45815,-1.0395,-1.9353,0.64837
-0.39805,-1.085,-1.0553,-0.93535
2.5126,0.89925,0.67781,0.12046
-0.35512,-2.2524,-0.66662,0.64837
0.91562,0.12925,-1.1852,1.1763
-0.63846,2.1423,-0.0041626,-0.40744
-0.63846,-0.49048,-0.20202,0.12046
-0.45815,1.095,-0.29001,-0.40744
-0.27784,0.30964,-0.97669,0.64837
-0.16623,-0.43253,0.831,-0.93535
3.895,-0.4764,0.51537,-0.93535
-0.29502,0.79481,0.65022,-0.40744
-0.26067,1.2017,0.80223,-0.40744
-0.45815,-1.6265,0.98519,0.64837
-0.054607,0.91823,0.71011,-0.93535
-0.26926,0.58169,0.61901,2.76
-0.62987,-0.21548,0.6,1.7042
-0.28643,-0.21483,0.60025,0.64837
-0.21774,-0.45971,0.78952,-0.40744
-0.14905,1.117,0.73804,-0.40744
0.34035,0.24809,-1.2413,-0.93535
-0.5526,-0.50947,0.60017,-0.93535
3.8091,0.60002,0.72164,0.64837
-0.45815,-0.37131,0.74343,1.1763
-0.21774,-0.66694,0.93808,-0.40744
1.405,1.2089,0.74275,1.7042
-0.31219,1.167,0.77615,2.76
0.33177,0.95588,0.14069,-0.93535
-0.10612,0.67401,0.62448,-0.93535
0.065598,-0.038696,0.60353,-0.93535
1.448,-0.87581,0.96214,1.1763
-0.22633,-0.56021,-1.1251,2.2321
-0.26067,-0.99006,-1.0554,0.64837
-0.020263,-0.51929,0.87289,-0.40744
-0.38088,1.7265,-1.6849,-0.93535
-0.20916,0.16493,0.7536,-0.93535
-0.27784,-0.47346,0.83882,-0.93535
-0.50108,-0.94619,-1.0492,-0.93535
0.38328,-0.39521,0.73998,-0.40744
-0.50967,-0.39063,-1.1405,1.7042
-0.2435,-0.31271,0.37884,-0.93535
-0.037435,-0.60703,0.89569,0.12046
-0.35512,-0.3723,0.71196,-0.40744
3.7834,1.4316,0.80803,0.12046
-0.46674,0.015321,0.60833,-0.93535
0.15146,-0.10483,0.60235,0.12046
-0.27784,0.00091675,0.60597,-0.40744
-0.13188,-0.42075,0.82797,-0.93535
-0.40664,1.2587,0.72551,-0.93535
0.31459,-0.4381,0.83588,-0.93535
0.21156,1.4695,0.87743,2.2321
0.022668,-0.45774,0.83823,-0.40744
-0.32936,0.4252,0.54969,0.64837
-0.15764,-2.0848,-0.7038,1.1763
1.199,0.931,0.13296,-0.93535
0.45197,-0.89512,0.9608,0.64837
-0.19198,-0.48295,-1.1077,0.64837
1.1474,-0.84209,-1.9346,0.64837
-0.38088,-0.9272,0.95878,-0.93535
-0.10612,1.3929,0.85522,0.12046
1.0187,-0.8961,0.96298,-0.40744
-0.63846,-0.46822,0.8098,-0.93535
0.14287,-0.59819,0.89594,1.1763
-0.41522,1.1562,0.76984,1.7042
-0.5526,1.1474,0.77177,-0.93535
-0.38088,1.6336,-1.618,1.1763
-0.21774,0.93264,0.72458,-0.93535
-0.1233,1.3759,0.85312,-0.40744
1.0015,-0.93539,-1.9452,-0.40744
-0.34653,0.050678,-1.1682,-0.93535
-0.14047,1.3756,0.85219,0.12046
-0.35512,-1.2173,-1.942,2.76
-0.29502,1.5481,0.90082,-0.93535
-0.62129,1.4745,0.9973,-0.40744
-0.5526,1.4771,0.99823,0.12046
-0.59553,1.1156,-1.4076,-0.93535
0.48632,-0.39358,0.823,0.64837
-0.35512,-1.9251,0.70894,-0.93535
-0.35512,0.91136,0.20984,-0.93535
4.9167,-0.93539,-1.9689,-0.93535
-0.020263,1.1556,0.77792,-0.40744
-0.2435,1.4902,-1.8196,0.12046
-0.36371,1.0001,-0.11899,0.12046
-0.53543,-0.93015,-1.9253,0.64837
-0.35512,-0.645,0.92446,-0.40744
-0.38946,-1.2258,-1.9557,2.2321
-0.31219,1.5242,0.90099,-0.40744
-0.63846,0.16428,0.59579,1.1763
0.20297,-0.7442,0.94389,1.7042
-0.5526,-1.2405,-1.9561,1.1763
-0.29502,-1.9499,0.71373,-0.40744
-0.35512,-0.4106,0.71684,1.7042
-0.42381,-0.01578,-1.1205,1.1763
-0.5526,1.0345,0.52959,0.64837
-0.56977,-0.057029,0.58208,2.2321
-0.26067,1.4921,0.96778,0.64837
-0.45815,-0.71965,-0.58384,-0.93535
-0.046021,-1.0107,-1.9403,1.7042
-0.37229,0.48184,-0.84142,-0.40744
-0.26067,-0.21417,0.60101,0.12046
-0.25209,-0.60703,0.89535,-0.93535
-0.10612,-0.47509,0.84193,-0.40744
-0.43239,-1.1076,-1.9372,2.2321
-0.60412,-1.2768,-1.032,2.2321
-0.088951,-0.42468,0.75865,-0.40744
0.099942,-0.42861,0.81493,0.12046
-0.43239,0.87862,0.70919,1.1763
-0.23491,-1.0107,-1.9366,-0.93535
-0.22633,1.1932,0.79634,0.12046
-0.10612,-0.42239,0.66519,1.1763
-0.21774,-0.58411,0.8882,0.64837
-0.22633,0.99091,0.73274,3.8158
-0.63846,2.1394,-0.0018072,-0.40744
-0.63846,1.3733,0.2021,0.12046
-0.3036,-0.62536,0.90216,1.1763
-0.097537,-0.61816,0.90216,-0.40744
-0.53543,1.5334,-1.8187,-0.40744
0.34035,-0.08944,0.60942,1.1763
-0.2435,1.0561,0.74561,-0.40744
-0.60412,-0.22727,0.55087,-0.40744
-0.43239,1.1127,0.23945,-0.93535
-0.40664,-0.23905,0.59865,0.12046
-0.63846,-0.027893,-1.1544,-0.93535
-0.20057,-1.3135,-1.0626,0.12046
1.1131,-1.009,-1.9549,0.64837
-0.2435,1.2155,0.18545,-0.93535
-0.42381,-0.29995,0.68723,-0.93535
-0.47532,-0.32417,0.66671,0.64837
-0.32936,-0.8375,-1.9018,-0.40744
-0.10612,-0.41453,0.82654,-0.93535
-0.62129,1.1543,0.77379,-0.40744
-0.19198,-0.45774,0.80088,-0.40744
-0.35512,1.4672,-1.8735,0.12046
3.6031,-0.41224,0.84101,-0.93535
-0.037435,-0.45578,0.83714,-0.93535
-0.32078,-0.75991,-1.9217,-0.93535
-0.63846,-2.1618,-0.55179,-0.93535
-0.22633,1.0256,-0.26923,-0.93535
-0.16623,-1.2205,-1.9529,-0.40744
-0.44098,0.70937,0.22019,0.64837
-0.3036,-0.75893,-1.9216,0.12046
-0.40664,-2.2613,-0.92916,-0.40744
1.3192,-0.43843,0.77262,-0.40744
-0.21774,1.1546,0.79937,0.64837
-0.32936,-0.32483,-1.1433,-0.93535
0.34035,-0.99039,0.98199,1.7042
0.014081,-0.43024,0.81459,-0.93535
-0.063193,-0.35102,0.70885,-0.93535
0.98431,-0.49343,0.62372,0.12046
-0.39805,0.33452,-1.3201,1.7042
-0.45815,-0.91575,-1.9276,1.7042
0.13429,-2.1071,-0.68521,-0.93535
-0.5526,1.0475,-0.25678,-0.93535
-0.2435,0.84163,0.72559,0.64837
0.36611,0.47038,0.74595,0.12046
-0.40664,1.1219,0.73644,1.7042
0.091356,-0.67774,-1.1016,0.12046
-0.16623,-0.47051,0.7801,-0.40744
1.0702,-0.25771,0.57535,-0.40744
-0.15764,1.4276,-1.954,-0.93535
0.074184,0.17443,-1.2139,0.12046
-0.27784,-0.76351,-1.918,-0.93535
-0.29502,-0.7717,0.95137,-0.93535
3.749,-0.49539,0.59638,0.64837
0.24591,-0.87122,-1.0456,0.12046
-0.41522,1.1818,0.7838,-0.93535
-0.36371,0.22779,0.37127,-0.93535
0.35752,-0.43712,0.80778,0.12046
-0.35512,1.2914,0.81888,0.64837
-0.63846,1.3733,0.20236,0.64837
-0.48391,0.45205,0.40711,0.12046
1.2676,0.40032,0.56778,0.12046
1.1217,0.93493,0.13615,-0.40744
-0.43239,-2.2495,-0.6773,2.2321
-0.26067,-2.2475,-0.67571,0.64837
-0.48391,-0.76384,-1.9175,0.12046
-0.22633,0.93329,0.72618,-0.40744
0.11711,-0.82768,-1.0553,-0.93535
0.94996,-0.88104,0.95878,-0.93535
0.52066,-0.78054,-1.9286,-0.40744
-0.63846,1.3736,0.20286,0.64837
-0.47532,-0.61521,0.91958,-0.93535
-0.14047,-0.47509,0.84176,-0.40744
-0.25209,0.79972,0.64812,1.1763
-0.5526,0.85309,0.72971,-0.93535
0.28025,0.19243,0.76101,-0.93535
0.048426,-0.77628,-1.9227,2.76
0.90703,-1.048,-1.0242,-0.40744
0.75248,-0.072089,0.5947,0.12046
0.88127,-0.82212,-1.9263,0.12046
-0.5526,0.0064822,-0.78809,1.7042
-0.35512,-0.52158,0.39836,-0.93535
-0.63846,1.5789,0.91184,1.1763
-0.6127,-0.29176,0.61876,-0.40744
-0.29502,-1.3459,-1.065,-0.93535
0.77824,1.0593,0.71895,0.12046
-0.35512,-0.58182,0.88273,1.1763
-0.37229,0.1227,-1.1842,-0.93535
3.8864,0.65175,0.71163,-0.93535
-0.38088,-0.96976,0.96652,0.12046
0.555,-0.93834,0.96744,0.64837
1.053,0.93362,0.13489,1.7042
-0.44957,1.5939,-1.7475,-0.93535
-0.44957,1.5923,-1.7424,-0.93535
-0.21774,-0.38768,-0.16702,1.7042
-0.27784,1.1611,0.77506,2.76
0.28025,-0.40536,0.75007,0.12046
-0.20916,0.72017,0.21489,-0.93535
-0.51825,-1.2886,-1.3944,-0.40744
4.3844,-0.49539,0.57998,-0.93535
-0.26926,0.38755,-0.93396,1.1763
-0.35512,-0.93015,-1.926,-0.40744
-0.36371,-0.70229,0.93901,-0.40744
-0.58694,-0.33923,0.59781,2.76
0.14287,-0.16343,0.59722,-0.40744
-0.38946,0.42684,0.55323,-0.93535
-0.47532,-0.50718,0.61985,-0.93535
-0.48391,1.4126,-1.903,1.7042
-0.088951,-1.0107,-1.9429,-0.40744
-0.44957,-0.047535,-1.1723,-0.93535
-0.63846,1.3671,0.19478,0.12046
-0.38946,1.3949,-1.9023,1.7042
-0.54401,-0.2623,0.59007,0.12046
0.44338,-0.26492,0.58073,-0.93535
-0.32936,1.2309,0.8135,-0.93535
-0.26067,1.4666,-1.8659,-0.40744
-0.31219,1.5216,-1.7906,1.1763
-0.34653,-2.1536,-0.65997,0.12046
-0.46674,-0.4764,0.82906,-0.93535
-0.56977,0.48446,0.55987,0.12046
-0.25209,-1.271,-1.9611,0.12046
-0.35512,-1.2703,-1.961,0.12046
-0.44957,-0.2587,0.54524,0.64837
0.65804,-0.48622,0.62498,-0.40744
-0.57836,1.8824,-1.7244,0.12046
0.03984,-2.095,-0.69388,-0.93535
-0.19198,1.3569,0.84647,0.12046
3.9207,-0.44759,0.5931,1.7042
-0.32078,0.24023,-0.84706,-0.93535
-0.32936,-2.2544,-0.93219,-0.93535
-0.14905,-0.78807,-1.9246,-0.93535
-0.63846,1.3743,0.20244,0.12046
-0.50967,0.52898,0.40021,-0.93535
-0.43239,0.74145,0.40492,-0.93535
-0.26926,-0.59524,-1.1239,-0.93535
-0.36371,-0.3556,0.70801,-0.40744
0.21156,-0.78447,-1.0666,-0.93535
-0.16623,-0.59262,-1.1231,-0.93535
-0.23491,0.7971,0.64702,0.12046
-0.3036,1.1075,0.74519,-0.93535
-0.2435,-1.2693,-1.0606,-0.93535
-0.6127,-0.35724,0.71272,-0.40744
-0.44957,-0.37099,0.71499,-0.93535
-0.16623,-0.36149,0.71112,0.12046
-0.53543,-2.3372,-0.97812,0.12046
0.34894,-0.4489,0.76109,1.1763
-0.63846,1.7144,-1.6476,-0.93535
-0.21774,0.99681,0.73409,-0.93535
0.64945,1.483,-1.8965,-0.93535
-0.31219,1.4224,-1.9527,0.12046
-0.33795,0.32928,-1.049,0.12046
0.014081,-1.0922,-1.0429,0.12046
0.11711,-0.352,-1.1126,2.2321
-0.42381,-0.42893,0.82401,-0.93535
-0.26926,-0.28849,-0.64761,0.12046
-0.35512,-2.0851,-0.681,-0.40744
-0.19198,-0.47509,0.84168,-0.40744
-0.41522,0.12663,0.73695,-0.93535
-0.31219,1.205,0.82788,1.1763
0.35752,-0.41616,0.81535,-0.40744
-0.53543,-0.88072,-1.9233,-0.40744
-0.29502,1.1579,0.76648,-0.40744
-0.62987,-0.7861,-1.9173,-0.40744
-0.54401,0.66877,-0.017959,0.12046
-0.22633,0.52833,0.56803,-0.93535
-0.38946,0.51196,0.56055,0.64837
-0.38088,-0.089767,-1.3059,-0.40744
-0.071779,-0.49375,0.84925,-0.40744
-0.5526,-0.62405,0.90225,-0.40744
0.34894,-1.3571,-1.9711,-0.40744
-0.50108,1.2021,0.79457,-0.40744
0.074184,-0.48983,0.84875,-0.40744
1.199,-0.99825,-1.0188,0.12046
-0.27784,0.46841,0.56029,-0.40744
0.61511,-0.10679,-1.0985,0.64837
-0.63846,1.6378,-1.6232,0.64837
-0.35512,1.6084,-1.7584,-0.93535
-0.26926,-0.026583,0.24744,-0.93535
-0.35512,-0.40471,-1.3208,0.12046
-0.63846,2.0572,-0.0083687,4.8716
-0.57836,-1.1112,-1.0316,-0.93535
1.6798,-1.2821,-1.9717,-0.93535
-0.63846,1.3772,0.20278,-0.93535
0.074184,-0.99694,-1.0362,3.2879
-0.20057,-0.42926,0.66654,-0.40744
-0.2435,-0.50128,0.84883,-0.93535
2.7187,0.82526,0.69035,-0.40744
-0.2435,1.1801,0.7812,-0.93535
3.6889,-1.0441,1.0512,0.12046
0.022668,-1.2222,-1.9436,0.12046
-0.20916,1.2525,0.82629,0.12046
-0.57836,1.0273,0.15861,1.1763
-0.41522,1.0312,0.15743,-0.93535
-0.25209,0.79285,0.73569,-0.40744
0.26308,-0.46363,0.76706,-0.93535
-0.38946,-0.45905,0.83545,0.64837
-0.58694,0.88681,0.72727,-0.93535
4.2899,-0.8447,-1.9638,-0.93535
-0.14047,-0.47771,0.83907,1.7042
-0.097537,-0.48459,0.84538,1.1763
0.96713,-1.0048,-1.0224,0.64837
0.41763,-0.57134,-1.0899,-0.93535
-0.26067,0.19211,0.59016,-0.93535
2.8904,-1.3417,-1.9758,-0.93535
4.0495,1.4394,0.81308,0.12046
0.22873,-0.6964,-1.0924,-0.40744
-0.15764,-1.2107,-1.9544,2.76
-0.27784,-1.231,-1.9489,-0.40744
-0.22633,1.2001,0.79726,-0.93535
-0.32078,-0.45578,0.769,-0.40744
-0.47532,-1.7201,0.94826,-0.93535
-0.15764,-0.60474,-1.1206,-0.93535
-0.32936,-0.50227,0.83932,-0.93535
-0.39805,0.19964,0.58847,0.12046
-0.62987,-0.14935,0.34797,1.7042
2.8131,1.2882,0.76412,-0.93535
-0.63846,1.3045,-0.057327,-0.40744
-0.58694,-1.2533,-1.9582,-0.93535
-0.19198,-0.02069,0.57729,-0.93535
-0.16623,-0.047208,0.58174,-0.40744
-0.46674,-0.47116,0.82511,0.64837
-0.40664,-0.34283,0.6037,-0.40744
4.1268,-1.068,-0.9952,-0.40744
-0.15764,-0.42304,0.64029,-0.93535
-0.43239,0.64258,0.012325,1.1763
-0.32078,0.2913,0.56761,0.12046
-0.1233,-0.51896,0.44278,-0.93535
-0.34653,-0.63027,0.53152,-0.93535
0.17722,-0.59459,0.89375,-0.40744
-0.088951,-0.43712,0.81442,0.12046
-0.34653,1.1418,0.19924,0.64837
-0.44957,-0.29503,0.77026,-0.40744
-0.6127,1.0744,-0.26645,0.64837
-0.56977,-1.8167,-0.19058,-0.93535
-0.32078,-0.50718,0.85455,-0.40744
0.54642,-0.74911,0.94406,-0.93535
-0.57836,1.0273,0.14843,-0.40744
-0.22633,-0.70622,0.94002,1.1763
0.28884,0.2972,-1.2578,1.1763
-0.56118,1.3723,0.20194,1.1763
0.16863,-0.51471,0.44807,0.64837
0.15146,0.32502,-1.0391,-0.40744
-0.15764,-0.14411,0.60521,-0.93535
-0.17481,-0.6103,0.89796,-0.40744
-0.21774,1.1625,0.77119,1.7042
-0.42381,1.4725,-1.8727,0.64837
-0.10612,-0.45807,0.83823,0.64837
-0.16623,-0.86991,-1.9316,0.12046
-0.38946,0.050351,0.60303,-0.93535
-0.47532,0.87895,0.70978,-0.93535
4.4101,-0.84634,-1.9644,0.12046
-0.63846,0.92315,-0.45018,1.7042
0.36611,-0.46069,0.76235,-0.93535
-0.63846,1.372,0.20236,-0.40744
-0.31219,1.0034,0.74023,-0.40744
-0.44098,1.1998,0.79466,-0.40744
-0.39805,0.95981,0.73493,-0.93535
0.56359,-0.070125,0.60622,-0.40744
-0.63846,1.3726,0.20244,0.64837
-0.50967,1.3998,0.88736,-0.40744
-0.38088,0.61803,0.7388,2.2321
-0.5526,1.2777,-1.0226,-0.93535
-0.32936,0.198,0.58427,-0.40744
-0.42381,0.77648,0.2302,0.12046
1.0444,-0.86762,-1.9351,-0.93535
0.22873,-0.28063,0.5751,-0.40744
-0.44957,-0.0056308,0.68008,-0.40744
0.99289,-0.3173,-1.1074,-0.40744
-0.31219,-0.56447,0.86894,-0.93535
-0.16623,-0.76581,-1.9198,0.12046
-0.19198,1.4718,0.88239,-0.40744
4.5132,-0.57232,-1.0611,-0.93535
-0.2435,1.4227,-1.9266,0.64837
0.28884,-0.20173,0.60875,-0.93535
-0.088951,-0.54515,0.47323,-0.40744
-0.63846,2.1407,-0.0044991,-0.93535
0.71814,-0.51045,0.60925,-0.40744
-0.5526,-0.33858,0.75832,-0.93535
4.5046,-1.1763,-0.99108,-0.40744
-0.41522,-0.38899,-1.1468,-0.40744
1.0101,0.93329,0.13413,-0.93535
0.76966,-0.47673,0.63289,-0.40744
4.994,0.0068096,0.57922,2.2321
3.2596,0.7002,0.70666,0.64837
-0.28643,1.3487,0.84454,-0.40744
-0.63846,1.372,0.20236,-0.40744
1.654,-0.7789,-1.9324,0.12046
-0.63846,1.387,-1.9497,-0.93535
1.5939,-0.26295,0.56871,0.64837
-0.59553,1.0616,-1.5286,0.12046
-0.41522,0.23205,-1.2551,0.12046
1.2333,-0.092714,0.591,2.2321
4.9167,-0.84143,-1.9597,-0.93535
-0.63846,1.3746,0.20286,-0.40744
-0.63846,1.3723,0.20109,0.64837
-0.53543,-1.4612,1.0324,0.12046
0.11711,-0.56152,0.49922,0.12046
0.91562,0.24089,0.55281,1.7042
-0.63846,1.3723,0.20227,-0.40744
4.6248,-0.56218,-1.0611,-0.40744
-0.63846,1.371,0.2,0.12046
0.23732,0.92478,0.13447,2.76
-0.19198,0.97585,0.73064,0.12046
-0.40664,1.0279,0.17266,-0.93535
0.24591,-0.96616,-1.9458,0.64837
-0.46674,-0.57396,0.80803,0.64837
-0.42381,-0.13986,0.60345,-0.93535
-0.32936,1.2299,0.80769,-0.93535
-0.20916,-0.70721,0.93413,0.12046
-0.26067,1.6967,-1.7179,0.64837
-0.60412,1.6467,-1.7343,0.64837
0.73531,-0.24756,0.56526,0.64837
-0.5526,1.7203,-1.696,0.12046
-0.28643,1.7567,-1.7018,-0.93535
-0.43239,1.5825,-1.7608,-0.93535
0.94138,-0.26,0.57426,-0.93535
-0.53543,0.99648,0.70952,1.1763
-0.50967,-0.27703,0.56946,-0.93535
-0.60412,1.281,0.83116,-0.93535
4.3243,-1.1596,-0.99385,-0.93535
-0.38088,1.4659,0.98536,-0.93535
-0.32936,-1.101,-1.0561,1.7042
-0.35512,-0.43613,0.81552,0.12046
-0.25209,0.99582,-0.2747,1.7042
-0.59553,1.8572,-1.8098,-0.93535
-0.37229,-0.77628,0.94389,1.1763
-0.41522,-0.77988,0.94591,-0.40744
-0.32936,-0.27605,-0.62961,0.12046
-0.38946,0.27395,-1.2678,2.76
-0.38088,-0.4692,0.81384,-0.40744
0.88986,-0.027238,0.60286,-0.40744
-0.41522,0.14726,0.50082,-0.93535
0.40045,1.3775,0.84513,-0.93535
-0.44098,1.6175,-1.7429,-0.93535
-0.35512,-1.9882,0.88542,0.12046
-0.46674,-0.59295,0.89249,0.64837
-0.4925,-1.0136,0.97316,-0.40744
-0.33795,-2.2393,-0.68437,-0.93535
-0.35512,1.0708,-0.20378,0.12046
-0.26067,-0.44596,0.83285,-0.93535
-0.32078,0.80267,0.65081,1.1763
-0.56118,1.077,0.74418,0.64837
4.6677,-0.48459,0.53834,-0.93535
-0.32936,-0.48524,-1.1385,-0.93535
-0.63846,1.3703,0.19571,-0.93535
-0.48391,-1.2932,0.52227,-0.40744
-0.21774,1.0587,0.73585,-0.40744
0.54642,-2.1205,-0.68849,0.12046
-0.4925,1.5347,0.93447,0.12046
-0.34653,-1.2592,-1.0624,-0.93535
-0.071779,-0.52027,0.876,-0.93535
-0.26067,1.4486,0.87516,-0.93535
-0.17481,-0.82703,-1.0717,-0.93535
1.0187,0.93231,0.13413,-0.93535
-0.26926,-0.64533,-1.0941,-0.93535
-0.57836,0.87764,-1.4828,-0.40744
-0.44957,1.4175,-1.9673,0.12046
2.1864,1.2522,0.73636,-0.40744
0.7439,1.461,-1.9344,0.12046
-0.42381,0.23303,0.56442,-0.93535
-0.25209,-0.56447,-1.1269,-0.40744
-0.26067,1.4204,-1.9636,-0.93535
-0.46674,-0.72325,0.93918,0.64837
-0.57836,-1.3063,-1.9584,0.12046
-0.3036,1.1621,0.77413,-0.93535
-0.5526,-0.62143,0.91301,0.12046
0.51207,-0.3795,0.71104,-0.93535
-0.22633,-0.44727,0.81636,1.1763
-0.1233,-0.45316,0.83613,-0.40744
-0.40664,1.2545,0.72441,-0.93535
-0.63846,1.3075,-0.05758,0.12046
-0.53543,-0.32908,0.707,-0.40744
-0.38946,0.47758,0.56744,1.1763
-0.19198,0.83541,0.72458,-0.40744
-0.26926,1.5772,-1.7838,0.12046
2.2465,-0.13429,0.58334,1.1763
-0.1834,-0.42926,0.66603,0.64837
-0.5526,-0.79985,-1.9103,-0.93535
0.31459,0.99419,0.15357,-0.40744
-0.011677,-0.050809,0.6032,0.12046
0.72672,-0.40307,0.82889,4.8716
-0.11471,-1.2595,-1.0599,-0.40744
-0.59553,0.76502,0.38339,-0.40744
-0.2435,1.4044,0.86237,0.64837
-0.50967,-0.58837,0.80155,0.12046
-0.35512,1.4944,0.8956,-0.40744
0.0054954,0.33681,-1.2744,3.2879
-0.39805,-0.73012,0.94338,-0.40744
-0.15764,0.37511,-1.3451,0.12046
3.8005,-0.97926,-0.99739,0.64837
-0.48391,1.426,-1.9364,-0.93535
-0.15764,1.0155,0.73199,0.64837
-0.52684,-0.73732,0.9412,1.7042
0.15146,-0.66268,-1.1038,0.64837
-0.40664,1.1153,0.74847,-0.93535
-0.53543,-0.49899,0.84723,1.1763
-0.14905,-0.50554,0.85043,-0.93535
-0.42381,-0.74878,-1.9158,-0.40744
-0.0030907,0.15086,0.75142,-0.93535
-0.57836,-0.8375,0.94734,1.1763
-0.19198,-2.095,-0.69303,-0.40744
-0.48391,-0.53566,0.83377,1.1763
-0.63846,2.0575,-0.0084528,2.2321
-0.32936,-2.0151,-0.69968,-0.93535
0.16004,-0.74485,-1.0732,-0.93535
-0.43239,0.95719,0.73333,-0.93535
-0.32078,-0.22694,0.59815,-0.93535
-0.080365,1.1638,0.7801,0.12046
4.0753,1.0089,0.63239,0.64837
0.11711,-0.59917,0.89409,-0.93535
-0.63846,2.1403,-0.0034897,1.7042
-0.080365,-0.5923,0.56181,-0.40744
2.8389,-0.86271,-1.9583,-0.93535
-0.33795,0.16199,0.59705,0.12046
-0.046021,-0.6617,0.9396,-0.40744
-0.54401,0.37642,-1.767,-0.40744
0.23732,-0.3939,0.7335,2.2321
-0.54401,-1.3296,-1.9577,0.12046
-0.6127,-1.2624,-1.9611,-0.93535
-0.53543,1.2567,-0.35041,-0.40744
-0.59553,-0.64107,-1.0882,-0.40744
-0.51825,1.0603,0.071799,1.1763
-0.40664,-1.6193,-1.0957,0.12046
0.1858,-0.42861,0.82973,0.64837
-0.63846,2.1426,-0.0034897,-0.93535
-0.29502,-0.033785,0.58149,-0.40744
-0.35512,-0.40929,0.71516,0.12046
-0.40664,1.0325,0.52841,0.12046
0.99289,0.93493,0.13573,1.1763
-0.037435,-0.93408,-1.0418,2.76
2.5384,-1.3066,1.0453,-0.93535
-0.54401,0.66484,0.63726,1.7042
-0.35512,-1.6131,0.21539,-0.93535
-0.29502,0.28705,0.56677,1.1763
-0.26926,1.185,0.78498,0.12046
-0.097537,-0.59491,0.89022,-0.93535
-0.43239,1.4191,1.0347,-0.93535
-0.2435,-0.39816,0.57586,-0.93535
-0.21774,0.69954,0.63609,-0.40744
-0.62129,1.1923,0.79499,-0.93535
-0.13188,-0.63354,0.51958,3.2879
-0.037435,-1.4995,1.0247,1.7042
0.73531,0.75651,0.63247,1.1763
-0.38946,0.010411,0.56795,0.64837
0.67521,-0.0036666,0.60118,0.12046
-0.42381,-0.76057,-1.9379,-0.40744
1.9803,-0.75009,-1.9409,-0.40744
-0.26067,-1.2615,-1.9598,-0.40744
-0.22633,1.3176,0.8363,0.12046
-0.34653,0.83181,0.021242,2.2321
-0.63846,-0.97598,-1.6312,-0.93535
-0.5526,0.85112,0.038823,-0.40744
0.64086,-0.063904,0.59806,-0.40744
4.0409,-0.075363,0.57771,-0.40744
4.4788,-0.94226,-1.965,-0.40744
0.31459,0.93264,-0.19512,-0.93535
1.3449,0.93362,0.12816,-0.40744
-0.39805,-0.29929,0.68622,-0.93535
0.34894,-0.067833,0.59234,1.1763
-0.62987,-0.88039,-1.9469,-0.93535
-0.63846,0.85701,0.042104,-0.40744
-0.39805,-0.20762,-1.1294,1.1763
0.32318,-0.053428,0.60555,0.12046
-0.63846,0.52047,-0.84529,-0.93535
-0.63846,0.96996,-1.4613,0.64837
-0.13188,-0.43221,0.81426,0.64837
0.11711,-0.40634,0.74544,1.7042
-0.1233,0.12499,0.59377,0.64837
-0.59553,1.0865,-1.5076,-0.40744
0.065598,0.7421,0.7229,0.64837
-0.33795,0.99255,0.73855,0.12046
0.30601,1.13,0.73384,2.2321
-0.63846,1.372,0.20177,0.12046
-0.63846,-1.8501,0.92353,-0.40744
-0.37229,0.71788,0.023597,0.12046
-0.28643,-0.96813,0.96525,-0.93535
0.23732,-0.98384,0.97569,0.12046
-0.10612,-0.58738,0.90132,-0.40744
-0.50967,-0.3759,0.74822,0.12046
4.5733,0.32862,0.76345,0.64837
-0.44098,-0.57265,0.81846,0.12046
-0.2435,1.5422,0.92942,-0.93535
-0.26067,-1.6163,-1.0926,-0.40744
-0.47532,0.27984,-1.2884,-0.93535
-0.25209,1.1981,0.80854,2.2321
4.1182,0.65273,0.69085,1.1763
-0.39805,-0.67283,0.93539,-0.40744
-0.5526,-0.039678,-1.1578,0.64837
0.67521,-0.73634,-1.0575,-0.40744
0.11711,0.54338,0.56879,-0.40744
0.057012,0.16199,0.32534,0.64837
1.1474,-1.2572,-1.9703,0.12046
-0.2435,1.5409,-1.8011,-0.40744
-0.32078,1.5396,-1.8015,0.12046
-0.50108,1.0646,0.70809,3.2879
0.72672,0.71297,0.62641,-0.93535
-0.32078,1.7377,-1.7017,1.1763
-0.56118,0.92478,-1.4744,0.12046
-0.62129,1.0534,-0.25375,0.12046
-0.26926,0.90088,0.70776,-0.93535
-0.33795,0.52571,0.56652,-0.93535
-0.53543,0.85079,0.71163,-0.93535
-0.56977,-0.22498,0.55592,-0.93535
-0.16623,-1.0379,-1.0527,-0.93535
2.1606,-1.0359,-1.9618,-0.93535
0.76966,0.93362,0.13573,-0.93535
-0.25209,0.87109,0.13085,-0.40744
0.1257,-1.5135,1.0289,-0.93535
-0.50967,1.0603,0.071042,2.2321
-0.46674,0.32928,-1.0449,-0.40744
-0.2435,0.28999,-1.2902,-0.93535
0.16004,-2.1084,-0.6927,-0.40744
-0.28643,0.6596,0.62759,0.12046
-0.5526,-1.2952,-1.3944,-0.93535
-0.57836,1.0214,0.13826,-0.40744
0.38328,-0.98089,0.97577,1.7042
2.9849,-0.87286,-1.9597,0.12046
-0.63846,-1.4923,1.0477,-0.93535
-0.63846,1.3713,0.20151,0.64837
-0.25209,-1.233,-1.9575,-0.93535
-0.43239,0.10437,0.71768,-0.93535
-0.38946,0.3463,-1.3227,2.2321
-0.27784,0.3224,-1.3174,1.1763
-0.38088,1.5311,-1.805,0.64837
0.35752,-0.4417,0.80568,-0.93535
-0.35512,-1.7208,-0.14784,0.12046
-0.44098,1.5864,-1.7407,0.64837
-0.58694,1.7531,-1.7002,-0.40744
-0.35512,-0.4381,0.66519,2.76
-0.21774,-0.35003,0.71011,-0.40744
-0.57836,1.2767,0.83184,-0.93535
-0.36371,-1.124,-1.0658,0.64837
0.1257,0.030708,0.32063,1.7042
-0.34653,1.0587,-0.22448,-0.40744
-0.44098,-0.34709,0.59832,-0.93535
-0.29502,1.4761,0.9751,-0.40744
0.20297,-2.1018,-0.69665,-0.93535
-0.14047,1.1945,0.79011,0.12046
-0.51825,-0.76712,0.94212,-0.40744
1.0358,0.68743,0.61674,0.12046
1.4394,-0.66104,0.94305,0.12046
-0.50108,1.4414,1.0518,-0.40744
0.77824,-0.96747,0.97283,0.12046
0.30601,-1.3066,-1.0373,-0.40744
-0.63846,1.3736,0.19218,-0.93535
-0.35512,-0.74616,-1.9656,1.7042
4.5647,-0.45741,0.48299,-0.40744
-0.097537,-0.091732,0.34822,0.64837
-0.3036,-0.76253,-1.9213,-0.93535
-0.21774,1.4607,-1.8763,-0.40744
-0.38946,-0.55301,0.5502,0.12046
-0.46674,1.1641,0.77228,1.7042
4.5046,-0.46036,0.49165,0.12046
-0.57836,1.0292,-0.25215,0.12046
-0.44957,1.6607,-1.7232,1.1763
-0.1233,1.0744,0.73384,-0.93535
4.8566,-0.96682,-1.9707,-0.93535
-0.071779,-0.68953,-1.1044,-0.40744
-0.35512,-1.5653,0.27613,-0.93535
0.065598,1.7085,-1.7475,0.12046
-0.028849,-0.52355,0.87508,1.1763
4.8137,-1.0054,1.0418,0.12046
3.0106,-0.48197,0.6042,0.12046
-0.36371,-0.10614,0.61186,-0.93535
-0.44957,1.4185,-1.9749,1.1763
-0.35512,-1.9804,0.88147,-0.93535
-0.56977,1.1621,0.78229,-0.93535
-0.25209,1.1664,0.77993,-0.40744
-0.34653,0.56172,-1.3835,-0.93535
-0.62987,0.25627,-0.96365,2.2321
-0.56977,1.4201,0.99966,-0.93535
0.091356,-0.64468,0.93766,-0.40744
-0.23491,0.79547,0.6466,0.64837
-0.26926,-0.71539,0.93892,-0.93535
-0.56977,-0.052119,-1.1137,0.12046
-0.36371,-0.37721,0.26309,-0.93535
-0.35512,-0.37295,0.67916,1.1763
-0.34653,-0.36902,0.71373,-0.93535
-0.35512,0.96047,0.1359,-0.40744
-0.26926,-0.44137,0.83243,0.12046
-0.32936,1.446,0.9936,-0.93535
-0.28643,1.0426,0.18763,-0.93535
0.022668,-0.42959,0.81888,0.64837
-0.38946,-1.2641,-1.9578,-0.40744
0.22873,-0.63485,0.93758,1.1763
-0.35512,-1.7371,0.94019,-0.93535
3.4743,-1.1017,1.0487,0.64837
0.14287,1.5056,-1.8653,-0.93535
-0.2435,-0.7825,0.94734,1.7042
-0.37229,1.3795,-1.5496,-0.93535
-0.38946,1.5979,-1.6052,1.1763
0.40904,-0.7514,0.9454,-0.93535
-0.22633,-0.76319,-1.9391,-0.40744
-0.57836,-1.2726,-1.0357,-0.93535
0.38328,-0.2014,0.61018,-0.93535
-0.44957,0.5208,0.56105,-0.40744
-0.63846,-0.48066,0.83798,-0.93535
0.32318,-0.26524,0.58116,-0.40744
-0.28643,-2.2609,-0.7817,1.1763
-0.35512,-0.19224,0.60261,-0.40744
-0.62987,0.5352,0.32475,-0.93535
-0.35512,-2.0285,0.87852,-0.93535
-0.28643,1.151,0.76404,2.76
-0.15764,1.1562,0.76462,-0.40744
4.0152,0.041512,0.58048,-0.40744
-0.35512,-2.2593,-0.6445,1.1763
-0.10612,1.3759,0.85295,-0.40744
-0.41522,-0.91214,0.96525,-0.40744
-0.35512,-0.48983,0.84849,-0.93535
-0.5526,-0.38474,0.66536,-0.93535
-0.35512,-1.3571,-1.9535,0.12046
-0.41522,0.38526,0.77749,1.1763
0.22015,-0.62634,-1.0929,-0.40744
-0.63846,-0.33432,0.725,-0.93535
-0.46674,-1.1125,0.24719,0.64837
1.1646,0.93166,0.13329,1.7042
-0.1233,-0.58149,0.45068,0.12046
-0.28643,-0.26983,-0.35402,-0.40744
-0.56118,-0.66137,-1.1146,1.1763
-0.37229,-0.78152,-1.9633,-0.93535
-0.21774,0.78499,0.19865,-0.93535
-0.29502,-0.025601,-1.1161,0.12046
-0.56118,-0.49768,0.79634,1.1763
3.045,-1.3201,1.0512,-0.40744
0.19439,-0.23611,0.56946,0.12046
-0.1834,0.72377,0.73384,-0.40744
-0.46674,0.81446,0.73619,-0.93535
0.16004,-0.5828,0.58082,-0.93535
-0.47532,-0.41878,0.39642,-0.93535
-0.54401,-1.0762,-1.9354,2.2321
-0.3036,-1.0107,-1.0548,-0.93535
-0.38088,0.14856,0.59848,0.64837
-0.20057,-2.1523,-0.67663,-0.93535
-0.59553,1.204,0.79272,1.1763
-0.22633,0.3008,-1.3051,-0.93535
0.0054954,-1.2402,-1.9576,1.1763
-0.33795,-0.13102,-1.1844,-0.93535
-0.45815,-0.38965,0.81703,-0.93535
-0.47532,0.67892,-0.023511,-0.40744
0.61511,-1.4811,1.0283,0.64837
1.0616,-0.13986,0.59075,-0.93535
-0.35512,-0.40864,0.71777,-0.40744
-0.46674,-1.3665,-1.9579,1.1763
-0.38946,-1.2268,-0.25022,-0.40744
-0.6127,-0.018071,-1.1185,0.64837
-0.56118,0.81249,0.41367,0.64837
-0.26067,-0.020036,0.57628,-0.93535
-0.50108,-1.2585,-1.9544,0.12046
3.002,-0.89905,-1.9568,0.12046
-0.44098,0.64193,0.011652,-0.40744
-0.35512,-0.58018,0.8898,3.8158
-0.1834,-0.31992,0.55138,-0.40744
-0.35512,-0.61718,0.54052,-0.93535
-0.35512,-0.62405,0.53985,-0.40744
-0.63846,1.3779,0.20202,-0.93535
-0.26926,0.12565,0.742,-0.93535
-0.35512,-0.77726,-1.9173,-0.40744
-0.63846,1.3739,0.20168,0.12046
-0.44957,-0.14542,0.34486,-0.93535
-0.47532,0.35449,0.56357,-0.93535
-0.15764,1.1886,0.79062,-0.93535
-0.38088,0.53455,0.73846,-0.93535
-0.32078,-0.42599,0.39928,-0.40744
-0.63846,1.3045,-0.057412,-0.93535
-0.40664,1.3039,0.77077,-0.93535
0.091356,-0.59524,0.89644,-0.40744
0.022668,-0.95536,0.96576,1.1763
1.5596,0.36136,0.76134,-0.40744
-0.20057,-1.012,-1.0431,-0.40744
-0.58694,-1.2667,0.52404,-0.40744
-0.38088,-0.91084,-1.9176,-0.40744
-0.15764,0.87109,0.71886,-0.93535
-0.20916,-0.14673,0.61531,-0.40744
-0.58694,1.1405,-0.35226,-0.93535
0.39187,-1.2867,-1.9654,-0.93535
-0.33795,1.1517,0.77363,-0.40744
-0.2435,0.26609,0.56383,-0.40744
-0.50108,-1.2487,-1.9586,0.64837
-0.1834,-0.6892,0.93733,-0.40744
-0.046021,0.90252,0.71701,-0.40744
0.46056,-0.75468,0.94549,-0.93535
-0.26067,-0.43548,0.40551,-0.93535
-0.6127,0.92609,-0.44841,0.12046
-0.2435,-0.97926,0.96887,-0.93535
-0.080365,0.33583,-1.288,1.7042
-0.35512,0.38002,-1.0473,-0.40744
-0.63846,1.3579,-1.5519,0.12046
1.3277,0.69791,0.61565,0.64837
-0.21774,1.0066,0.73888,0.64837
-0.63846,0.2052,0.54019,-0.40744
-0.5526,-1.4392,-0.60563,0.12046
-0.5526,0.55255,-0.85135,-0.93535
-0.5526,-0.41649,-1.4042,-0.40744
-0.63846,-0.32974,0.71398,-0.93535
-0.32936,-0.3723,1.0316,-0.93535
0.26308,-2.0956,-0.69219,1.1763
-0.63846,1.372,0.20194,0.64837
-0.5526,-2.2495,-0.63819,0.12046
-0.23491,1.0083,0.73442,-0.93535
-0.35512,-0.85354,-1.9131,1.7042
0.4348,-0.83717,-1.9295,1.7042
-0.13188,-0.41453,0.40484,-0.40744
-0.48391,1.4339,1.0193,0.64837
-0.62987,0.84294,-0.26898,0.64837
-0.27784,1.1749,0.78574,-0.40744
-0.63846,1.3726,0.20143,0.64837
0.16863,-0.42075,0.8299,2.76
0.53783,-0.75304,0.94523,0.12046
-0.25209,0.6488,0.06019,2.2321
-0.63846,-0.97598,-1.6307,-0.40744
-0.44957,1.057,0.70742,1.7042
0.4348,-0.20992,0.60908,-0.93535
-0.31219,-1.0002,0.97669,0.12046
-0.35512,-2.24,-0.6715,1.1763
-0.14905,-0.55857,0.53985,0.12046
-0.19198,1.1078,0.73905,-0.93535
-0.26926,-0.35331,0.53708,0.12046
-0.50967,0.30833,-0.96357,-0.93535
-0.5526,-1.9591,0.89308,-0.93535
-0.21774,0.63865,0.61968,-0.40744
-0.48391,0.9107,0.69464,0.12046
-0.45815,-1.1079,-1.9417,1.7042
0.34035,-0.5278,-1.1023,-0.40744
-0.5526,-0.30617,-0.5883,-0.93535
-0.42381,0.073595,-1.1352,0.12046
0.89845,-0.25411,0.57804,-0.40744
-0.23491,0.52865,0.56837,-0.93535
-0.40664,-0.38048,0.73039,-0.93535
-0.26067,-1.3456,-1.0663,-0.40744
-0.22633,-1.3783,-1.0685,-0.93535
0.54642,1.1923,0.7722,-0.93535
0.19439,-1.4271,1.0439,-0.93535
-0.5526,-1.5607,-1.0988,0.12046
-0.40664,-0.44366,0.80887,0.64837
-0.38088,-1.2114,0.19235,-0.40744
-0.4925,0.73097,0.65451,-0.93535
-0.2435,-0.40602,0.82351,2.2321
-0.097537,0.32797,-1.2793,0.12046
-0.50108,-1.3937,-1.9641,2.2321
-0.5526,1.7763,-1.5073,2.2321
-0.51825,-0.62471,0.59083,-0.40744
-0.19198,-0.71834,0.93876,1.1763
-0.35512,-0.44432,0.64366,-0.93535
-0.20916,0.94901,0.34141,-0.40744
-0.44098,1.224,0.80408,-0.40744
-0.50108,1.0669,0.7091,-0.40744
4.5733,-0.40274,0.56551,-0.93535
-0.32936,1.4185,1.04,0.64837
-0.25209,1.4201,0.99705,-0.93535
-0.51825,1.4751,0.97947,-0.40744
0.52925,-0.46363,0.6344,-0.93535
0.048426,0.473,0.55811,0.12046
-0.37229,1.4473,1.0116,-0.40744
-0.33795,-0.99203,-1.4208,-0.93535
-0.38946,1.1756,0.27613,1.1763
-0.2435,-1.2212,-1.0347,-0.40744
-0.34653,-0.60212,0.89148,0.12046
-0.32936,0.71199,0.21851,0.12046
-0.2435,-0.49343,0.78565,0.64837
-0.62987,0.52505,-1.0146,1.7042
0.11711,-0.55923,0.48896,-0.40744
0.26308,-0.26361,0.58073,-0.93535
-0.63846,1.3694,0.19537,0.12046
-0.35512,-1.5741,-1.0902,-0.93535
-0.38946,-0.60735,-1.1321,1.1763
0.091356,1.1445,0.76059,-0.40744
-0.011677,0.53913,0.56643,0.12046
-0.33795,-1.2029,-1.0608,-0.40744
-0.39805,0.21339,-0.024688,-0.40744
-0.35512,-0.44236,-1.1114,0.64837
-0.26067,1.0011,0.73375,0.12046
-0.53543,-0.38015,0.7441,-0.93535
0.64945,0.052643,-1.0729,-0.93535
-0.020263,-0.1045,0.6106,-0.40744
0.82117,-0.46069,0.63087,-0.93535
-0.58694,0.99746,0.54305,-0.40744
-0.45815,-0.21941,0.59991,0.64837
-0.2435,1.1517,0.77834,1.1763
-0.4925,-0.55465,0.86641,-0.93535
-0.054607,-0.038041,0.60429,-0.40744
-0.42381,1.13,0.74132,1.7042
-0.3036,-0.88497,0.95583,0.12046
-0.50108,1.6182,-1.7572,0.64837
1.3535,-0.8195,0.956,0.12046
0.0054954,1.0417,0.73182,-0.93535
-0.22633,-0.58411,-1.1239,-0.93535
0.10853,-1.0618,-1.0378,1.1763
-0.5526,-1.9611,-1.0856,-0.40744
4.9682,-0.30846,-1.0723,2.76
-0.35512,-2.109,-1.6616,-0.93535
4.8824,1.4535,0.81367,2.76
-0.3036,0.3188,0.7801,1.1763
-0.44957,-0.42762,0.7589,1.1763
-0.28643,-0.36575,0.71314,2.76
-0.14905,-0.35527,0.71053,-0.93535
0.78683,-1.0402,-1.0272,0.12046
-0.38946,2.0628,-0.51966,-0.40744
-0.51825,1.0953,0.20429,-0.93535
-0.063193,-0.27245,0.5873,0.12046
-0.47532,1.4309,1.0189,-0.93535
-0.0030907,-0.43744,0.81728,-0.40744
-0.44098,-0.45087,0.81291,0.12046
0.31459,-0.47477,0.77161,1.7042
-0.20916,-0.47313,0.8098,-0.40744
-0.21774,-0.77039,0.9449,1.7042
0.28025,-0.44301,0.83344,-0.93535
0.38328,-0.64926,0.93909,2.76
0.21156,-1.2382,-1.0466,-0.93535
-0.32078,-0.41584,0.75781,-0.40744
-0.53543,-0.37655,0.81072,-0.93535
-0.20916,0.83213,0.72391,2.76
0.91562,-1.1855,-1.9616,0.64837
-0.32078,0.83934,0.72736,-0.40744
-0.020263,1.0764,0.73241,-0.40744
-0.35512,-2.0128,0.87625,-0.40744
-0.25209,1.4201,-1.9702,-0.93535
4.2814,1.3589,0.77531,-0.40744
-0.33795,1.4709,-1.833,0.12046
-0.63846,1.3733,0.20135,0.64837
-0.31219,-0.4859,0.80012,1.7042
-0.22633,0.34597,-1.3278,0.64837
3.7233,0.66321,0.70986,-0.40744
-0.20057,0.69856,0.63508,-0.40744
-0.50967,-0.58182,0.54153,-0.93535
-0.56118,0.39574,-1.7672,-0.40744
-0.63846,1.2119,-1.5208,-0.93535
-0.54401,1.1356,0.7669,0.12046
-0.35512,-0.79167,-1.9179,0.12046
0.29742,-0.40798,0.75024,-0.40744
-0.25209,-1.4808,1.0465,-0.40744
0.46056,-0.49048,-1.1029,-0.93535
-0.35512,-0.40372,-1.3203,0.12046
4.2298,1.112,0.63996,1.7042
-0.27784,-0.57232,0.54238,0.12046
-0.57836,1.4987,-1.8474,-0.40744
-0.47532,-0.91607,0.96618,0.12046
-0.26067,-1.121,-1.9406,0.64837
2.6758,-1.2935,1.0505,1.1763
-0.4925,0.66222,0.41274,-0.93535
2.7702,-1.3043,1.0517,0.12046
-0.53543,-0.006613,-1.1145,2.2321
-0.2435,1.2456,0.8241,-0.40744
-0.58694,-0.66792,-1.1136,0.12046
-0.26067,0.913,0.725,-0.93535
-0.14047,-0.75959,0.9454,-0.93535
-0.57836,1.4306,1.0067,-0.93535
-0.26926,1.4195,-1.9714,1.7042
-0.50967,2.0798,-0.5491,0.12046
-0.34653,0.91725,-0.60967,2.76
-0.21774,-0.49474,0.8437,0.64837
-0.35512,-0.34283,0.76648,1.1763
-0.23491,-0.41878,0.39811,0.12046
-0.046021,-0.67119,0.93842,0.12046
-0.63846,2.14,0.00012757,3.2879
-0.046021,-0.49015,0.84824,-0.93535
-0.020263,-1.2854,-1.9565,-0.93535
0.40904,-0.425,0.83058,-0.40744
-0.45815,0.55091,0.59781,-0.93535
-0.28643,-0.52813,0.5041,-0.40744
-0.26926,-0.93473,0.96231,0.12046
-0.48391,0.803,0.41443,1.1763
-0.63846,1.3746,0.20244,-0.93535
1.0444,0.93428,0.13178,-0.93535
3.6803,0.65731,0.71297,-0.93535
-0.35512,-0.38015,0.7536,-0.40744
4.1354,1.1032,0.64046,-0.40744
-0.35512,-0.58607,0.88803,0.64837
-0.63846,1.3717,0.20126,-0.93535
-0.22633,-1.3669,-1.9726,0.12046
-0.60412,0.88353,-0.26805,-0.93535
0.057012,-1.1118,-1.9529,0.12046
-0.1233,1.0106,0.73283,0.12046
0.0054954,-0.41322,0.82561,0.64837
1.7485,0.60526,0.72214,0.12046
-0.1233,1.1752,0.79011,1.7042
-0.39805,0.711,-1.0294,0.12046
-0.037435,-0.54286,0.59016,-0.93535
-0.32078,-0.10712,0.58629,-0.93535
0.9242,-0.73863,0.94549,2.76
-0.35512,1.062,0.073566,-0.40744
-0.63846,1.3723,0.20101,-0.40744
-0.28643,0.0091012,0.56736,-0.40744
-0.3036,-1.2631,-1.9599,1.1763
-0.63846,1.3756,0.20278,-0.40744
1.2075,-0.69771,0.94397,-0.40744
1.2247,-0.71703,0.94439,0.64837
-0.32078,0.97389,-0.050177,0.12046
-0.33795,-0.86697,0.95255,-0.93535
-0.29502,-0.53304,0.51319,0.12046
-0.63846,1.3779,0.20311,-0.93535
-0.63846,-0.97631,-1.6312,0.12046
-0.35512,-0.31664,0.68252,1.1763
-0.39805,1.4954,0.96593,-0.93535
-0.31219,1.4492,1.0018,-0.93535
-0.41522,-0.23905,0.59798,1.1763
-0.63846,1.3749,0.2032,0.12046
-0.10612,-0.69673,0.94027,0.64837
-0.20916,-0.40569,0.39609,0.12046
-0.6127,0.85341,0.041179,0.12046
-0.32936,-0.80837,1.0522,0.64837
-0.56118,0.85505,0.041095,1.1763
-0.63846,1.3736,0.20093,1.1763
-0.16623,-0.4584,0.79996,-0.93535
0.23732,-1.031,-1.9532,3.2879
-0.14905,0.8688,0.71928,-0.40744
-0.088951,-0.46691,0.84033,-0.40744
-0.5526,-1.2323,0.049759,0.12046
-0.58694,1.4751,0.90427,-0.40744
-0.25209,-0.69935,0.93817,0.64837
-0.48391,0.74309,0.73072,-0.40744
0.83834,0.33975,-1.0412,-0.40744
-0.63846,2.1397,-0.003069,0.12046
-0.1834,1.0587,0.73535,0.64837
-0.48391,-1.3459,-1.0769,1.1763
-0.31219,1.1464,0.76791,-0.40744
-0.46674,-1.2431,-1.9562,-0.40744
-0.35512,-0.57232,0.53363,0.12046
0.048426,-0.44596,0.8082,-0.93535
-0.5526,-2.075,0.88593,-0.40744
-0.20057,1.4217,-1.9756,1.7042
-0.51825,-0.60801,-1.0903,1.7042
-0.34653,-0.38244,0.71575,-0.93535
-0.45815,1.172,0.77842,0.64837
-0.42381,-0.39325,0.61396,-0.93535
-0.32936,-0.4728,0.8389,-0.93535
-0.088951,-0.47411,0.84143,-0.40744
-0.43239,1.2587,0.82839,0.12046
-0.37229,1.0561,0.70767,1.1763
-0.5526,-0.50325,-0.22742,-0.93535
0.8641,0.40883,0.56551,0.12046
-0.15764,-0.13855,0.60336,-0.93535
-0.50108,-0.80542,-1.9541,0.12046
-0.63846,1.3733,0.20118,0.12046
-0.5526,0.96996,-0.60841,-0.40744
-0.57836,-0.22268,0.55499,-0.93535
0.1257,-0.39161,-1.1299,-0.93535
-0.59553,1.1716,0.78599,-0.93535
-0.26067,-0.13822,0.79121,-0.93535
2.7788,0.75062,0.70296,0.64837
-0.63846,1.3733,0.20185,0.12046
-0.20916,-1.2651,-1.0609,1.1763
-0.42381,0.89532,-0.26603,-0.93535
-0.63846,1.5458,0.91402,-0.93535
-0.27784,-0.25346,0.36286,1.1763
-0.5526,-1.2723,-0.57577,-0.93535
-0.5526,0.4049,-1.436,0.12046
-0.63846,1.3707,0.20017,0.12046
0.41763,0.80496,0.64164,-0.93535
-0.5526,-1.7669,0.9274,-0.93535
-0.32078,-0.9331,-1.9257,-0.93535
-0.35512,-1.3489,-1.0658,-0.93535
-0.32936,1.5465,0.9004,-0.93535
-0.53543,1.9072,-1.7236,-0.93535
-0.46674,0.29523,-0.98738,0.64837
-0.2435,-1.3292,-1.0649,-0.93535
-0.21774,1.5085,0.89182,-0.40744
-0.35512,-2.2348,-0.68908,-0.93535
-0.57836,1.0322,0.17123,1.1763
-0.54401,-0.98351,-1.9307,-0.93535
-0.63846,1.4813,-1.8661,-0.93535
0.59793,-0.96027,0.97072,0.12046
-0.35512,-1.9715,-0.22389,3.8158
-0.63846,-1.7077,0.95095,-0.93535
-0.36371,1.7053,-1.7102,-0.40744
-0.62129,1.7118,-1.6961,-0.93535
-0.17481,-2.0996,-0.69463,0.12046
-0.41522,0.12237,0.75419,0.12046
-0.35512,-1.8632,0.92151,0.64837
-0.28643,-0.60179,0.90435,-0.40744
-0.42381,1.0649,0.70776,-0.40744
-0.4925,0.6763,0.73611,-0.40744
-0.39805,1.4656,0.98485,-0.93535
-0.32078,-0.30878,0.60219,-0.40744
-0.44957,1.5465,0.90082,-0.93535
-0.46674,1.3867,1.0348,2.76
-0.40664,0.26086,-0.85472,-0.93535
-0.48391,0.9955,-0.27352,-0.93535
-0.35512,-2.0907,0.86464,1.1763
-0.20916,-0.49997,-1.1456,-0.93535
-0.16623,-0.43515,0.82578,0.12046
0.7439,-0.30649,-1.1156,-0.40744
-0.25209,0.93231,0.72727,-0.93535
-0.35512,-2.0527,-0.78414,-0.40744
-0.19198,1.3582,0.85522,-0.40744
0.22873,-0.46396,0.63491,1.7042
-0.34653,-0.23414,-0.21043,0.12046
1.199,0.93198,0.13632,0.64837
0.13429,-0.18405,0.61817,3.2879
-0.26067,0.46318,0.76538,0.12046
0.52925,-0.71997,0.94321,0.12046
4.2642,-1.1138,-0.99276,-0.93535
-0.32936,-0.16474,-1.0914,1.7042
4.496,-0.55694,-1.0621,0.64837
-0.31219,-0.60899,0.93691,-0.93535
0.94138,-0.29209,0.39096,1.1763
4.3157,-1.1649,-0.99318,-0.40744
-0.47532,0.63702,0.31079,-0.93535
4.5561,-0.95143,-1.9692,1.1763
-0.38088,1.0338,0.74267,-0.93535
-0.4925,-1.2746,-1.9604,2.76
-0.42381,0.85734,0.034449,-0.40744
-0.6127,0.66582,-0.014678,-0.93535
0.24591,0.091601,-0.98939,1.1763
-0.25209,-2.1028,-0.68967,0.64837
-0.62987,-0.22137,0.60084,0.64837
-0.63846,2.142,-0.0028167,0.64837
-0.2435,-0.10319,0.61093,0.64837
-0.1834,-0.36444,0.53834,-0.93535
-0.51825,0.91692,-0.55095,2.76
-0.35512,0.64324,-0.1767,0.64837
-0.47532,0.1322,-0.11411,-0.93535
-0.3036,0.79187,0.64828,0.64837
-0.44957,0.86651,-0.25131,-0.93535
-0.62987,-0.64828,-1.0937,-0.40744
-0.26067,-0.2014,0.60143,0.12046
0.31459,1.3068,0.83142,0.12046
-0.58694,0.26577,-0.96492,-0.93535
-0.44098,-0.030512,-1.3388,0.64837
-0.57836,1.3805,-1.9727,0.12046
-0.26067,1.2011,0.79138,1.1763
-0.53543,1.3825,0.30557,-0.40744
-0.1834,1.2034,0.79533,-0.40744
0.15146,-0.5553,0.53026,-0.40744
0.048426,-0.45872,0.78767,-0.93535
-0.29502,-0.36084,0.71255,1.1763
-0.3036,-0.3592,0.71255,-0.40744
-0.19198,-0.36673,0.7144,-0.93535
-0.37229,-0.57658,0.81165,-0.40744
-0.25209,1.424,-1.9569,-0.40744
-0.38946,-0.18045,0.62431,1.7042
-0.0030907,-0.40536,0.39878,1.7042
-0.17481,-0.46462,0.83731,1.1763
-0.14047,-0.45611,0.75259,1.7042
-0.32936,-1.3145,-1.0653,-0.93535
-0.45815,1.2702,0.72744,0.64837
-0.57836,1.1909,0.80702,0.12046
-0.38946,-0.92884,-1.9271,-0.93535
-0.38088,1.0217,0.74435,-0.93535
-0.45815,0.12761,0.73552,1.1763
-0.34653,0.49395,0.56551,0.12046
-0.31219,0.17737,0.55037,2.2321
-0.25209,-0.62241,0.52202,0.64837
-0.23491,1.3478,0.85009,-0.93535
-0.63846,2.142,-0.0022278,1.7042
-0.44098,-0.58575,0.54414,-0.93535
-0.35512,-0.46429,0.6413,0.12046
-0.097537,0.63898,0.6196,0.12046
-0.62129,-0.50063,0.7732,-0.93535
0.62369,-1.5381,1.0121,2.2321
-0.46674,-0.098279,-1.1191,2.2321
-0.35512,-0.187,0.6042,-0.93535
-0.63846,1.5062,-1.8391,0.64837
-0.63846,-0.48099,0.84033,-0.93535
-0.47532,1.1517,0.77371,-0.93535
-0.088951,0.04053,0.59958,-0.93535
-0.35512,-2.0603,0.76833,-0.93535
-0.15764,0.9071,0.72113,-0.40744
-0.27784,1.1553,0.77253,-0.93535
-0.19198,1.4214,-1.9581,-0.93535
-0.28643,-0.74911,0.9385,-0.93535
-0.5526,-0.76384,0.93901,-0.93535
-0.3036,-0.42861,0.66452,-0.93535
-0.32078,-0.21908,0.35933,0.12046
-0.23491,-0.50554,0.85203,-0.93535
0.68379,1.3209,0.82645,-0.93535
0.57218,-0.47509,0.43621,-0.93535
-0.63846,2.1426,0.00012757,2.2321
0.4348,1.1317,0.73047,-0.40744
0.70097,-0.5111,-1.0883,0.12046
0.065598,-0.42206,0.63239,0.12046
-0.39805,-1.2392,-1.0626,0.64837
-0.38946,0.48184,0.5714,0.64837
-0.4925,0.27853,-1.2936,-0.40744
-0.62987,0.48249,0.56946,-0.93535
-0.17481,-0.47804,0.84269,2.76
-0.63846,2.0585,-0.011649,3.8158
-0.63846,1.3733,0.20194,-0.93535
-0.22633,0.14758,0.59806,2.76
-0.48391,-2.1202,-1.0375,-0.40744
-0.088951,-1.2431,-1.9496,0.12046
-0.35512,-1.3302,-1.9611,-0.93535
-0.42381,-0.60834,0.92656,0.12046
-0.45815,-0.50881,0.83865,-0.93535
0.7439,-0.11367,-1.0993,-0.93535
0.28025,-0.44399,0.83596,0.12046
-0.33795,-0.40274,0.71457,-0.93535
-0.10612,-0.3975,0.82309,0.64837
-0.32078,1.0394,0.53379,0.64837
-0.36371,-0.032149,0.58023,-0.40744
-0.26067,0.98731,0.73476,-0.40744
-0.19198,-0.028547,0.57771,0.12046
0.32318,-0.51929,0.45497,-0.93535
-0.063193,-1.0768,-1.0397,0.12046
-0.37229,-2.4374,-1.1555,0.64837
-0.35512,-2.2564,-0.6551,0.64837
0.099942,1.2397,-0.23718,0.64837
0.38328,-0.74387,0.9438,-0.93535
-0.35512,-2.0226,0.87423,1.1763
-0.38946,-0.58771,0.52471,-0.40744
-0.35512,-0.63649,0.53245,1.7042
-0.35512,-1.2762,-1.0299,0.12046
0.048426,-0.26295,0.582,-0.93535
0.21156,-0.54548,0.58116,-0.93535
3.8005,-0.42042,0.59251,0.64837
-0.35512,-1.1315,-1.4259,-0.93535
-0.22633,1.1896,0.79651,0.12046
-0.20057,0.068684,-1.1172,-0.93535
-0.17481,-0.45447,0.41224,-0.40744
-0.25209,-0.39816,0.82376,-0.93535
-0.21774,-1.1289,-1.0564,1.7042
-0.27784,-0.62765,0.90191,-0.40744
-0.44098,0.26544,-1.2741,1.7042
-0.32936,-0.02069,0.57611,1.1763
-0.63846,1.3065,-0.057664,0.12046
0.52066,-0.77039,0.94767,-0.93535
-0.27784,-0.80149,-1.0727,1.1763
-0.4925,1.7275,-1.6527,1.1763
0.28884,-0.2623,0.573,-0.93535
-0.37229,0.0058274,-0.78262,-0.93535
0.29742,-2.0946,-0.69732,-0.93535
0.10853,-0.47509,0.77699,-0.93535
-0.50967,1.0092,-0.23844,-0.40744
-0.26926,0.032345,-1.1643,0.64837
-0.26926,0.363,0.56534,0.12046
-0.35512,-0.60703,0.89871,-0.93535
-0.63846,1.3039,-0.057243,-0.93535
-0.43239,-0.57167,0.87777,0.12046
-0.63846,-2.0354,0.87373,0.12046
-0.17481,1.1965,0.79609,-0.93535
0.48632,-0.92524,0.96483,0.64837
-0.19198,-0.36706,0.73535,-0.93535
-0.37229,-0.95634,-1.9291,-0.93535
-0.28643,-0.9845,1.0082,-0.40744
-0.48391,0.99091,-0.26872,0.64837
1.2762,1.1356,0.70902,-0.40744
0.555,-0.74354,0.94523,-0.93535
-0.38088,0.90743,0.15718,0.64837
-0.25209,-0.9881,0.97215,-0.40744
-0.53543,-1.3679,-1.9714,-0.93535
-0.48391,-0.40864,0.76791,0.12046
-0.10612,-0.47116,0.84092,-0.40744
-0.5526,1.1654,-1.5362,0.12046
0.88127,-0.65712,0.9401,-0.93535
-0.5526,0.16984,-1.1985,-0.40744
-0.27784,-1.1842,-1.4214,-0.40744
-0.41522,-0.92328,0.95297,-0.93535
-0.26926,0.931,0.72786,-0.93535
-0.27784,-1.0591,-1.948,0.12046
-0.21774,-2.1411,-0.67873,-0.93535
-0.22633,1.351,0.84664,-0.40744
-0.0030907,-0.41355,0.82721,-0.93535
-0.31219,0.080797,-0.98948,-0.40744
-0.15764,1.4869,0.88652,-0.93535
-0.35512,-1.0467,-1.9417,-0.93535
0.99289,1.5042,0.8702,0.64837
-0.5526,-0.91967,-1.5298,-0.93535
-0.011677,-0.83161,-1.0505,-0.40744
0.79541,0.33255,0.76479,-0.40744
3.7834,-1.0457,-1.9745,0.12046
-0.26067,0.52767,0.56568,0.12046
-0.054607,0.19996,-1.2354,-0.93535
-0.34653,-0.47346,0.13868,0.64837
-0.54401,0.12729,-0.5756,1.7042
-0.63846,1.3717,0.20101,-0.40744
4.3243,1.3782,0.78952,-0.40744
-0.5526,-2.1748,-0.59629,0.12046
-0.41522,-0.21646,0.60134,-0.93535
-0.28643,0.28934,0.77606,-0.93535
-0.32936,1.1847,0.78473,1.7042
-0.39805,-0.82473,0.94986,-0.40744
-0.25209,-0.56054,-1.1255,0.64837
-0.63846,-0.97631,-1.6306,-0.40744
-0.35512,-0.71997,0.93632,0.12046
-0.26926,-0.71834,0.93606,1.1763
-0.58694,1.7753,-1.5073,1.1763
-0.52684,1.4267,-1.9182,-0.93535
0.19439,-0.59328,0.89249,-0.40744
-0.20057,0.93198,0.72399,0.12046
-0.28643,0.52571,0.56627,-0.93535
-0.63846,0.49526,0.55239,1.1763
-0.52684,1.5635,-1.7738,0.64837
-0.40664,0.92544,-0.52597,1.1763
-0.35512,1.612,-1.749,-0.93535
-0.51825,1.6005,-1.7464,-0.93535
0.014081,1.1523,0.76765,2.2321
0.1858,0.33877,-1.3074,1.7042
-0.46674,1.281,0.83159,-0.40744
-0.34653,2.2978,0.60345,1.1763
0.022668,-0.15884,0.61531,-0.93535
-0.44098,0.63636,0.27697,-0.93535
-0.63846,1.3723,0.20227,-0.93535
1.1217,0.93166,0.13304,2.2321
0.35752,-0.49048,0.62835,-0.93535
0.11711,-2.0937,-0.6943,-0.93535
-0.35512,-2.0478,-0.41653,-0.93535
0.72672,1.1867,0.7616,0.64837
-0.28643,1.4195,-1.9734,-0.93535
-0.38946,0.418,0.76866,-0.93535
-0.1834,1.3203,0.83655,-0.93535
-0.31219,-0.61227,-1.1234,1.7042
0.048426,-0.48099,0.63028,0.12046
-0.35512,-0.62536,0.50847,0.12046
0.29742,-0.9236,-1.041,-0.40744
-0.54401,1.4371,1.0193,-0.40744
0.59793,1.3582,0.83688,-0.40744
0.048426,-0.50718,0.61405,0.12046
-0.011677,-0.35822,0.7102,1.1763
-0.25209,1.1955,0.80147,-0.93535
-0.020263,-0.34905,0.70742,-0.93535
-0.42381,-0.2695,0.66082,0.64837
-0.37229,0.27297,0.56526,-0.40744
-0.36371,-0.3831,0.74107,0.12046
-0.53543,-1.2598,-1.9594,-0.93535
-0.50967,-0.71932,-0.26157,-0.40744
4.4016,-0.97664,-1.9723,-0.40744
-0.43239,-0.23545,0.59815,-0.40744
-0.60412,1.0014,-0.22254,-0.40744
-0.33795,0.12925,-0.11529,-0.40744
1.0187,-0.46167,0.62902,-0.93535
-0.63846,1.1706,0.78136,-0.40744
-0.35512,1.1726,0.77867,0.12046
-0.37229,-0.5517,0.86675,-0.93535
-0.31219,1.4178,-1.9692,-0.40744
-0.63846,2.142,-0.0034897,1.7042
-0.0030907,0.64946,0.042945,0.64837
0.98431,-1.4016,1.0421,0.64837
-0.56977,0.15118,0.56509,-0.40744
-0.54401,-0.25149,0.54221,0.12046
-0.13188,-0.4656,0.83874,-0.93535
-0.2435,-0.71637,0.93993,-0.40744
-0.25209,-2.2456,-0.67453,-0.93535
0.014081,-0.41125,0.82696,0.12046
-0.58694,-0.047208,-1.1131,-0.93535
-0.35512,-1.3083,-1.9602,-0.93535
0.42621,-0.39489,0.74183,-0.40744
-0.63846,2.1394,-0.00020891,3.2879
-0.45815,-0.61849,0.91596,-0.40744
-0.32078,0.66582,0.0058478,0.12046
-0.63846,1.832,0.76706,-0.40744
0.15146,-0.49081,0.6291,0.64837
-0.22633,-0.41977,0.8278,-0.93535
-0.26926,-0.42206,0.82662,3.2879
-0.26926,-0.44858,0.81779,-0.40744
0.28025,-0.4548,0.63735,2.2321
-0.037435,-0.26131,0.58822,-0.93535
-0.63846,2.142,-4.067e-05,2.76
0.63228,-0.14182,0.59731,-0.40744
-0.45815,0.12761,0.73577,0.64837
-0.1834,0.070321,0.31979,-0.40744
-0.1233,-0.8375,-1.0615,-0.93535
-0.41522,-0.4584,0.82427,1.7042
-0.20057,0.70216,0.63701,0.64837
-0.25209,0.91594,0.15491,1.1763
-0.46674,0.23794,-1.2717,0.12046
4.7879,-0.016434,0.57922,0.12046
-0.63846,1.3753,0.20219,0.12046
-0.43239,-0.7406,0.93791,0.12046
0.13429,-0.65679,0.93884,0.12046
-0.26067,0.17836,0.57165,-0.40744
-0.31219,-0.77825,0.9449,-0.93535
1.1045,-0.72979,0.94532,0.64837
2.3323,-1.288,-1.9709,0.12046
-0.32936,-0.73372,0.94178,1.7042
-0.36371,-0.50259,0.84967,-0.40744
-0.35512,-0.40143,-1.3206,-0.40744
1.5596,-0.78087,-1.9344,0.64837
2.2035,-1.2605,-1.9596,-0.40744
-0.59553,1.151,0.77093,0.12046
-0.28643,0.308,-0.98342,2.2321
-0.10612,-0.75566,0.94422,1.1763
-0.46674,-0.24396,0.36151,-0.93535
-0.36371,-0.33596,0.37094,-0.40744
-0.25209,0.88681,0.15138,-0.40744
-0.0030907,-0.35855,0.3934,-0.40744
-0.50108,1.0705,0.56963,0.64837
2.2207,-1.0785,-1.9667,0.64837
-0.38088,-1.5057,-1.0742,1.1763
-0.35512,-0.79167,-1.9128,1.7042
-0.59553,1.9082,-0.60109,-0.40744
-0.17481,-1.1986,-1.9541,-0.40744
-0.29502,-2.1395,-1.0042,-0.40744
-0.56118,-1.5679,-1.0919,-0.93535
-0.20916,-0.53435,0.55979,-0.40744
-0.59553,1.0548,0.074659,0.12046
0.76966,-0.44399,0.78599,-0.40744
-0.6127,0.54175,0.37043,-0.40744
-0.37229,0.61344,0.35436,1.1763
0.61511,-1.3829,-1.947,0.12046
-0.35512,-0.025601,0.57737,-0.93535
-0.35512,0.069666,0.59714,0.12046
-0.50967,0.80627,0.41502,0.12046
-0.20057,-0.22694,0.77935,-0.93535
-0.35512,-0.55006,0.8585,0.64837
-0.5526,1.0178,-0.091481,0.64837
-0.58694,1.3383,-1.5482,-0.93535
-0.23491,0.50574,0.74696,-0.93535
-0.26926,0.9896,0.3033,-0.93535
-0.63846,-0.97729,-1.6309,-0.93535
-0.21774,-0.58477,0.88769,1.7042
-0.1834,-0.83619,-1.9289,1.1763
-0.35512,-0.62602,0.53413,4.3437
-0.3036,-0.61881,0.53405,-0.40744
-0.20057,-0.61685,0.54128,0.12046
-0.35512,-2.2099,-0.63516,1.7042
-0.35512,-1.175,0.99444,1.1763
4.4445,-1.176,-0.9904,0.12046
0.24591,-0.46396,0.77177,-0.40744
-0.41522,-1.2876,-1.0322,-0.93535
-0.27784,0.57547,0.74309,1.7042
-0.5526,0.28083,-0.12277,-0.40744
-0.34653,-1.2634,-1.956,-0.93535
3.148,0.78663,0.69564,2.76
-0.1834,1.1795,0.7907,-0.40744
-0.63846,-0.81917,-1.9112,2.76
2.6242,1.3196,0.7886,-0.93535
-0.54401,1.4502,-1.8823,-0.93535
-0.34653,0.4658,0.55945,2.2321
-0.25209,0.31324,-1.3098,-0.93535
0.99289,-0.42435,0.76269,0.64837
-0.011677,-0.41977,0.82931,-0.93535
-0.63846,1.3739,0.20244,0.64837
-0.52684,0.090291,-0.81257,0.12046
-0.33795,-0.35364,0.54389,-0.40744
-0.43239,-0.29929,0.68706,-0.40744
0.44338,0.6871,0.72366,1.1763
-0.38088,-0.3723,0.40097,-0.93535
-0.27784,1.4191,-1.9635,-0.93535
-0.15764,-0.43057,0.81829,-0.40744
0.94996,-0.043607,0.59604,-0.40744
-0.63846,-0.97631,-1.6312,-0.93535
0.014081,-0.66334,0.93867,-0.40744
-0.32078,-0.98908,0.96433,-0.93535
0.022668,-0.95961,-1.0348,-0.40744
-0.43239,-0.40994,0.70969,0.12046
-0.44957,1.4358,1.0198,1.7042
0.29742,-0.8997,-1.0425,-0.40744
4.0324,-1.1538,-0.99419,-0.93535
-0.44957,1.2319,0.81871,-0.40744
1.2247,0.93133,0.13657,-0.40744
0.0054954,-0.42893,0.83974,-0.40744
-0.63846,-1.8691,0.92294,-0.93535
0.56359,-0.76613,0.94692,-0.93535
-0.6127,1.334,0.86187,0.12046
-0.35512,-1.01,-1.941,-0.40744
0.22873,-0.46986,0.63768,-0.93535
-0.31219,-0.56905,0.87844,-0.93535
-0.14905,-1.3138,-1.0628,1.1763
-0.57836,-0.33596,-0.2699,-0.93535
4.4617,-0.94194,-1.9666,-0.93535
-0.5526,1.0233,-0.24955,0.12046
-0.63846,1.373,0.20143,1.1763
-0.45815,-0.57331,0.81846,-0.93535
-0.080365,0.28705,-0.9788,-0.40744
1.0788,-1.0035,-1.0224,-0.93535
-0.26926,0.3905,0.55205,1.1763
-0.56118,0.39083,0.55163,-0.93535
-0.29502,1.3376,0.84134,-0.40744
-0.46674,0.28214,-1.2892,0.12046
3.2167,-0.50063,0.59865,1.7042
-0.63846,1.3753,0.20143,0.64837
0.27166,-0.42599,0.74906,-0.40744
-0.19198,-0.34938,-1.1339,-0.40744
0.89845,0.70184,0.71937,2.2321
-0.29502,-1.0513,-1.9422,-0.40744
-0.16623,-2.1588,-0.66679,-0.93535
-0.29502,-1.2326,-1.957,0.12046
-0.38946,-0.37492,1.0324,-0.93535
0.52066,-0.8159,-1.9308,0.64837
-0.22633,0.53062,0.56761,0.12046
-0.2435,-0.079291,0.60193,-0.93535
0.46056,0.83639,0.64433,1.1763
-0.46674,-0.80673,-1.9093,-0.40744
-0.5526,-0.37884,0.80997,-0.93535
-0.57836,-0.52649,0.85329,0.12046
-0.38088,-0.93408,-1.9243,-0.40744
-0.60412,0.37773,-1.7695,1.7042
-0.5526,-0.48491,0.14406,2.76
0.24591,-1.344,-1.0521,-0.40744
4.4445,-1.1819,-0.99318,1.1763
1.156,0.93166,0.13321,1.1763
2.6758,0.83999,0.68883,2.2321
2.7874,1.2924,0.77236,-0.40744
3.9723,-0.44923,0.47424,-0.93535
-0.46674,0.85276,0.72955,2.76
-0.63846,1.3736,0.20118,1.1763
-0.62129,-0.50587,0.63314,-0.93535
-0.63846,1.372,0.20126,-0.40744
0.022668,-1.3659,-1.0608,-0.93535
-0.5526,1.1634,-1.5355,-0.40744
-0.25209,-0.47706,0.42469,-0.40744
-0.32936,-0.20664,0.60219,2.2321
-0.4925,-0.46494,0.78927,-0.93535
-0.34653,-0.016434,0.5767,-0.93535
-0.38088,-0.76319,-1.9218,-0.93535
0.25449,-0.48197,0.43849,0.12046
-0.42381,-0.4489,0.41443,-0.40744
0.38328,-0.79462,-1.0648,0.12046
-0.14047,-0.42893,0.81476,0.12046
-0.33795,1.6967,-1.7126,1.1763
-0.20057,-0.13265,0.35033,-0.93535
0.21156,-0.42664,0.75108,1.7042
-0.32078,0.65731,0.32669,-0.40744
-0.62129,-1.7535,0.34721,-0.93535
-0.1233,-0.4489,0.8061,1.7042
-0.6127,-0.45709,0.80618,-0.40744
-0.50108,1.4538,1.0045,-0.40744
-0.35512,1.483,-1.8225,0.64837
-0.14047,-1.3021,-1.0614,0.12046
-0.054607,-1.322,-1.0601,2.2321
2.1778,-0.44858,0.6201,0.64837
-0.38088,1.6476,-1.7448,0.64837
-0.10612,-0.47215,0.13329,0.64837
-0.20916,0.74374,0.7176,-0.40744
-0.45815,0.75422,-0.81131,-0.40744
-0.20916,1.5036,0.88971,0.64837
0.40904,-0.49899,0.62456,-0.40744
-0.57836,-1.3148,0.20202,0.12046
-0.13188,-0.43777,0.81308,0.12046
-0.4925,-0.20009,0.60134,-0.93535
4.745,-0.95078,-1.969,-0.40744
-0.39805,0.96669,0.50595,-0.40744
-0.40664,-0.2862,0.56618,0.12046
0.23732,0.55321,0.56904,0.64837
-0.3036,0.65175,-0.0051721,-0.40744
-0.27784,-0.31042,-0.59125,0.12046
-0.27784,1.4548,-1.8881,0.12046
0.40904,-0.2659,-1.1231,-0.93535
-0.20916,-0.61259,0.93733,-0.40744
-0.22633,-0.61325,0.93657,-0.40744
-0.20057,0.63374,0.62036,-0.40744
-0.22633,1.4244,-1.962,0.12046
0.52925,-2.1712,-0.68765,-0.40744
-0.46674,-0.97729,-1.0514,0.12046
0.14287,-0.95765,-1.0357,1.7042
-0.35512,-0.99595,-1.9308,-0.93535
-0.32936,0.28148,-1.2846,1.7042
-0.22633,0.82984,0.65106,1.1763
-0.36371,-0.6067,0.92151,1.1763
-0.31219,-0.70491,0.93615,-0.40744
-0.63846,1.1677,0.77043,0.12046
-0.21774,1.1526,0.7785,-0.93535
-0.3036,0.75684,0.64366,0.64837
-0.20057,1.6283,0.91394,1.1763
-0.48391,0.24907,-1.2988,-0.40744
0.074184,0.060172,0.59722,-0.93535
-0.6127,-0.98351,0.60345,0.64837
-0.48391,1.023,-0.21371,0.12046
-0.53543,1.4722,0.98031,-0.93535
-0.58694,-2.0914,-0.69808,0.64837
-0.17481,-0.58575,-1.122,0.12046
-0.25209,-0.42337,0.7616,0.12046
-0.42381,-0.62176,0.91268,-0.93535
-0.63846,1.3687,0.19487,-0.40744
-0.34653,-0.43286,0.82898,-0.93535
-0.63846,-0.43024,0.3531,-0.40744
-0.29502,-1.325,-1.061,2.76
-0.35512,-0.4417,0.81535,-0.93535
-0.21774,-0.4525,0.81089,0.64837
-0.25209,1.0937,0.74469,2.76
-0.56118,0.17476,-1.2393,-0.93535
-0.44957,-0.47215,0.81291,0.64837
-0.38088,-0.27539,-0.50309,0.12046
-0.25209,-0.4548,0.83394,2.2321
3.9379,-1.0284,-1.9751,0.12046
-0.58694,0.47594,0.565,-0.40744
-0.44098,-0.41911,0.75865,-0.93535
-0.25209,0.37315,0.56484,-0.93535
-0.59553,-0.76351,-1.9198,-0.93535
-0.17481,0.83443,0.72416,-0.93535
0.52066,1.3451,0.83016,1.1763
4.2127,-0.84405,-1.966,-0.93535
-0.3036,-1.2539,-1.0641,-0.40744
-0.40664,1.4826,-1.8649,-0.93535
-0.23491,0.92707,0.12429,-0.40744
-0.26926,-0.46658,0.75327,-0.40744
-0.44957,-0.45872,0.822,-0.93535
0.68379,-0.19846,0.61649,-0.40744
-0.16623,-0.49866,0.85152,-0.40744
-0.63846,-0.45316,0.81552,2.76
-0.44957,0.89041,0.26486,-0.40744
2.5641,-1.0735,-1.9693,-0.40744
-0.63846,1.3743,0.20135,0.64837
-0.16623,-0.49703,0.85102,-0.40744
4.101,1.13,0.64046,-0.93535
-0.35512,-1.3404,-1.0665,-0.93535
-0.36371,-0.24364,-0.70986,-0.40744
-0.43239,-1.5322,-0.071376,-0.40744
-0.56977,1.5448,-1.8127,-0.93535
-0.26926,-0.19944,0.60202,0.64837
-0.63846,1.3733,0.20185,-0.40744
-0.5526,-0.0072677,-1.1142,-0.93535
4.4788,-0.84896,-1.9634,-0.40744
0.70097,-0.48753,0.62759,1.7042
-0.14047,-0.18634,0.55642,-0.93535
3.045,0.74472,0.70263,0.64837
-0.36371,-0.462,0.82553,-0.40744
-0.36371,-0.42566,0.63154,0.12046
-0.14047,1.7665,-1.7214,-0.40744
0.21156,-0.84536,-1.9305,-0.93535
-0.37229,-1.4526,-1.2932,-0.93535
3.4142,-1.3014,-1.972,-0.93535
-0.13188,-0.40798,0.82957,-0.93535
-0.63846,1.1926,0.77354,-0.93535
-0.27784,0.92806,0.74351,0.12046
0.32318,0.44059,0.33401,-0.40744
-0.1834,-0.48655,0.78111,-0.93535
-0.054607,0.06803,0.5968,-0.93535
-0.40664,-1.398,0.22684,-0.40744
-0.44098,-0.23087,-0.68664,1.1763
-0.35512,-1.0529,-1.9349,0.12046
-0.10612,1.116,0.73813,-0.40744
0.16863,-0.63846,-1.0888,-0.93535
4.642,-0.50488,0.54658,1.1763
-0.5526,1.059,0.07407,1.1763
-0.45815,-0.50521,0.83924,-0.40744
-0.33795,-0.24331,0.67234,-0.40744
-0.63846,1.3713,0.20236,-0.93535
-0.32078,-0.52944,0.50435,0.64837
-0.4925,-0.024291,0.57266,1.1763
-0.20057,1.2053,0.79323,0.64837
-0.088951,0.018268,0.60143,0.64837
-0.63846,1.372,0.20168,-0.40744
-0.50967,0.9513,0.34334,-0.93535
-0.46674,1.0525,0.13413,0.12046
-0.35512,-0.81033,-1.909,2.2321
-0.27784,-0.59819,0.89022,-0.93535
-0.6127,-0.52387,0.84664,1.7042
-0.32936,1.2702,0.83041,-0.93535
-0.60412,-0.52584,0.59276,1.1763
-0.54401,0.31095,0.54582,0.12046
-0.63846,-0.97631,-1.6307,0.12046
-0.4925,-1.2899,-1.0293,-0.40744
3.1051,0.78466,0.69573,-0.40744
-0.10612,1.1834,0.78826,2.2321
0.3747,-0.092386,0.61009,0.12046
1.3363,0.93886,0.1375,-0.93535
-0.39805,1.4168,-1.9698,-0.40744
-0.3036,0.99582,0.73602,-0.40744
-0.50108,-0.26524,0.64669,-0.40744
0.35752,0.55157,0.56324,0.12046
-0.20916,1.0292,0.16694,-0.93535
-0.20916,0.83508,0.72374,-0.40744
-0.63846,1.3739,0.20067,0.12046
-0.63846,1.3036,-0.056991,-0.40744
-0.57836,-0.5314,0.55912,-0.93535
-0.23491,0.49788,0.56433,2.76
-0.17481,-0.26,0.59806,-0.93535
-0.6127,0.32077,-1.3141,1.7042
0.0054954,0.32928,-1.0426,0.12046
-0.60412,1.116,-0.3017,0.64837
-0.38088,0.043803,0.59436,-0.40744
0.41763,-0.46953,0.42915,-0.40744
4.496,0.52931,0.73602,-0.93535
1.156,-0.76613,-1.0512,-0.40744
4.2213,1.1094,0.63895,-0.93535
-0.15764,1.5062,-1.8518,-0.93535
-0.6127,-2.2436,-0.8855,-0.93535
-0.1233,1.4358,1.028,0.12046
-0.63846,2.1403,-0.0015549,-0.93535
-0.63846,1.0079,-0.69539,0.12046
-0.25209,-0.51896,0.85236,-0.93535
-0.0030907,0.93329,0.18461,0.12046
-0.071779,0.033982,0.60025,-0.93535
-0.011677,-0.89643,-1.0452,0.12046
0.19439,-1.2101,-1.0482,0.12046
-0.0030907,-0.46429,0.84067,-0.93535
-0.35512,-0.132,-1.1844,-0.40744
-0.17481,1.2014,0.79079,-0.93535
-0.54401,0.72115,0.024018,-0.40744
-0.46674,-0.75435,-1.9183,2.76
-0.32078,-0.96453,0.96483,0.12046
1.7141,-1.2235,-1.968,0.64837
-0.37229,-0.63387,0.095774,-0.40744
-0.26926,-1.4795,1.0506,-0.40744
-0.5526,0.52374,0.59731,0.64837
-0.31219,0.19276,0.58385,0.64837
-0.34653,-0.61718,0.93455,-0.40744
-0.50967,-0.37066,1.0304,-0.93535
-0.26926,0.19145,0.76925,-0.93535
4.0238,-1.0284,-1.975,-0.40744
1.3192,-0.43908,0.77506,-0.93535
-0.20916,0.26773,-1.2632,1.7042
-0.28643,0.084399,0.72383,-0.40744
4.247,0.025143,0.58141,-0.93535
-0.020263,-0.4895,0.77792,-0.40744
-0.26067,0.027434,-1.1611,1.7042
-0.36371,0.11255,0.021915,-0.93535
-0.42381,-1.3701,1.0482,-0.93535
-0.58694,1.0931,0.70818,2.76
-0.26926,0.52931,0.56761,-0.93535
-0.63846,2.1417,-0.00037716,-0.40744
-0.52684,-1.1171,-1.0558,-0.93535
-0.63846,1.3726,0.20177,0.64837
-0.50108,1.0603,-0.10713,0.12046
0.93279,-0.50521,0.61649,1.1763
-0.097537,-0.36575,0.76143,-0.40744
-0.27784,-0.44105,0.81594,-0.40744
-0.63846,1.2256,0.81089,0.12046
-0.31219,0.69791,0.63533,-0.93535
0.82976,-0.41977,0.81291,0.64837
0.17722,-0.77334,-1.0714,-0.93535
-0.14047,-0.20664,0.60067,-0.93535
-0.42381,-0.72947,0.97897,-0.40744
-0.11471,-0.83488,-1.9294,-0.93535
0.33177,-0.59622,0.89333,0.12046
-0.15764,0.63931,0.61884,-0.93535
-0.35512,-1.3394,-1.0643,-0.93535
3.4399,0.66484,0.71196,-0.93535
0.0054954,-0.42959,0.63541,-0.93535
-0.17481,1.4931,0.88845,0.12046
0.30601,-0.099589,0.61085,0.12046
-0.5526,1.0593,0.12538,-0.93535
-0.42381,0.97192,0.68967,-0.93535
-0.52684,0.94213,-0.00088189,0.12046
-0.14905,1.1094,0.73914,-0.93535
-0.1233,0.47038,0.32526,0.12046
-0.2435,0.21142,0.012157,-0.93535
-0.42381,1.5874,-1.7569,0.64837
0.22873,-2.0969,-0.69371,-0.93535
-0.60412,-1.1714,-1.0601,0.12046
-0.44957,0.20324,0.34662,-0.40744
2.7273,-0.44006,0.83562,-0.93535
-0.37229,-0.93048,-1.9247,-0.93535
-0.35512,-1.9532,0.71407,-0.93535
-0.26926,1.479,-1.8235,2.76
-0.6127,-0.73863,0.94633,-0.40744
-0.14047,-0.024619,0.5772,-0.93535
-0.29502,1.4754,-1.8714,3.8158
0.03984,-0.87744,-1.0403,-0.40744
-0.39805,-1.6651,-1.094,0.12046
-0.31219,1.6496,-1.7501,2.2321
-0.27784,0.53291,0.56997,2.76
-0.29502,0.52047,0.57249,1.1763
-0.11471,0.51588,0.73409,-0.40744
-0.44957,-1.0267,-1.9317,-0.93535
-0.32078,0.10797,0.71213,1.7042
3.8521,-0.4967,0.58696,0.64837
-0.3036,0.016958,0.6032,-0.93535
-0.40664,-2.2357,-0.69118,-0.40744
-0.63846,2.1423,-0.0029008,2.2321
-0.50108,1.1039,0.75159,-0.40744
-0.44098,-1.0958,-1.057,3.2879
-0.3036,0.99419,0.73426,-0.40744
-0.1233,1.0243,-0.25501,0.12046
-0.53543,0.3941,0.77691,-0.93535
0.73531,-0.036732,-1.0768,-0.40744
-0.1233,0.078506,0.59689,0.12046
-0.29502,-0.13887,0.34343,0.64837
0.44338,-0.94095,0.96685,-0.40744
-0.63846,0.37773,-0.96668,-0.93535
-0.52684,-0.5648,0.87104,0.12046
0.10853,-0.78872,-1.9252,-0.40744
0.75248,0.71919,0.6265,-0.40744
-0.36371,1.0433,0.74233,-0.40744
-0.35512,-0.44105,-1.1122,-0.93535
3.9465,-0.59459,0.88315,0.64837
0.40904,-0.54286,-1.0891,-0.40744
4.4788,-0.72554,0.98511,-0.93535
-0.35512,1.4273,1.0174,-0.93535
-0.6127,1.0953,0.20463,-0.93535
-0.0030907,-0.14608,0.61825,-0.93535
-0.15764,1.424,-1.9757,0.64837
-0.037435,1.1618,0.78288,0.12046
0.42621,0.49526,0.33468,0.64837
-0.26926,1.4191,-1.9697,0.12046
-0.37229,-2.0079,-0.26343,-0.93535
-0.63846,1.1729,-0.0013866,-0.93535
-0.37229,0.0077917,0.030075,-0.40744
0.065598,-1.1069,-1.9533,1.1763
-0.45815,0.13711,0.74788,0.12046
-0.29502,0.25595,0.56189,2.76
-0.32078,0.21764,-1.2467,-0.93535
1.0444,-0.40372,0.8151,-0.40744
-0.43239,1.13,0.20017,-0.40744
-0.20916,-0.54712,0.58149,1.1763
4.4016,-0.96976,-1.9713,-0.93535
0.63228,0.32862,-1.006,-0.93535
-0.011677,-1.4959,1.0326,-0.93535
-0.054607,0.59118,0.34032,2.2321
-0.32078,1.0243,0.72172,-0.93535
-0.38946,-1.0199,-1.0517,-0.40744
-0.63846,1.1756,-0.0011343,0.12046
-0.63846,1.1736,-0.00079776,0.12046
-0.48391,-0.36902,0.71499,1.1763
-0.29502,-0.24331,0.3685,1.1763
-0.29502,1.4244,-1.9493,-0.93535
-0.32078,-0.44988,0.83184,-0.40744
-0.36371,1.353,0.84605,0.64837
-0.60412,-0.48295,0.81501,-0.40744
0.52066,-0.65155,0.93926,-0.93535
-0.35512,-0.69215,0.93716,-0.93535
-0.29502,-2.2443,-0.67646,-0.40744
-0.26926,1.4178,-1.9695,0.12046
0.42621,1.3121,0.8262,-0.93535
2.5899,-0.50521,0.59428,0.64837
-0.63846,-0.22825,-0.70002,0.12046
0.35752,-1.2886,-1.3956,-0.93535
-0.31219,-0.39849,0.82267,-0.93535
2.298,-1.1688,-1.9676,-0.93535
-0.32936,0.28312,0.56593,-0.40744
0.15146,-0.18373,0.6111,-0.93535
-0.63846,2.0775,-0.54935,-0.40744
-0.10612,0.83082,0.72265,3.8158
-0.63846,-0.31042,0.68774,0.64837
0.555,-0.50619,0.61337,0.12046
-0.43239,1.5311,0.89829,-0.40744
-0.10612,1.4018,0.86035,0.12046
-0.54401,-0.18929,0.60345,-0.40744
-0.3036,-0.031494,0.30633,-0.93535
-0.47532,-2.2046,-0.68168,0.12046
-0.44098,-0.4656,0.81552,-0.93535
-0.26067,1.4178,-1.9709,-0.93535
-0.3036,1.1445,0.7695,-0.93535
-0.26067,1.1595,0.77009,-0.40744
-0.63846,2.1397,0.00046406,4.3437
-0.44098,-1.4258,-1.089,-0.93535
-0.26926,-0.75598,0.94212,1.1763
-0.45815,0.35907,0.5486,-0.93535
-0.44098,1.6237,-1.7568,-0.93535
-0.58694,1.5416,-1.8122,0.12046
-0.52684,-0.83947,0.94961,-0.93535
-0.50108,1.2191,0.32761,-0.40744
-0.25209,0.93231,0.72559,0.12046
-0.10612,-0.40012,0.74561,-0.93535
-0.35512,-0.76777,0.94372,1.7042
-0.62987,0.7994,0.1984,1.1763
0.31459,-0.40012,-1.1098,1.1763
-0.3036,-0.36215,0.78305,1.1763
0.057012,-0.047535,0.60345,-0.40744
-0.28643,1.5373,0.9502,-0.93535
-0.071779,-0.029857,-1.3383,1.7042
0.27166,-0.5075,0.6212,0.64837
-0.21774,-0.74911,-1.9162,0.12046
-0.028849,-0.46887,0.84059,-0.93535
-0.36371,-1.3289,-1.9609,-0.40744
0.32318,-0.45414,0.76521,-0.93535
-0.32936,-0.24364,0.67159,-0.40744
-0.41522,-0.13691,0.60479,0.12046
0.77824,-0.4823,0.62843,-0.40744
-0.53543,-0.56185,0.78448,-0.40744
0.34894,-0.60277,0.89527,-0.40744
-0.63846,1.3753,0.20269,-0.93535
-0.54401,1.0924,-1.519,-0.93535
-0.44957,-1.6271,1.0043,-0.40744
-0.16623,-0.09566,0.60328,-0.93535
-0.2435,0.8246,0.72467,0.12046
-0.19198,-0.040006,0.57897,1.7042
-0.35512,-0.58706,0.88896,-0.40744
-0.37229,-0.58804,0.89047,2.2321
0.29742,-0.51372,0.61287,-0.93535
0.39187,-2.0996,-0.69497,0.64837
-0.4925,-0.76122,-1.9178,0.12046
0.24591,-2.0976,-0.69606,0.12046
-0.0030907,-0.62209,0.54052,-0.93535
-0.45815,-1.2834,-1.0331,-0.40744
-0.46674,-1.2837,-1.034,-0.93535
3.9723,-0.42239,0.59167,-0.93535
-0.32936,1.187,0.79037,1.1763
-0.25209,1.1828,0.78877,-0.93535
-0.63846,-0.42664,0.39886,-0.40744
-0.40664,-0.85878,0.95121,-0.93535
-0.26926,-0.24265,0.6,-0.40744
-0.14905,-2.2184,-0.68344,-0.93535
-0.11471,-0.43908,0.81686,-0.93535
0.3747,1.1978,0.77186,1.7042
3.3541,-0.49244,0.53026,-0.93535
-0.29502,-0.24265,0.59848,0.12046
-0.31219,-1.2435,-1.9549,-0.40744
-0.16623,1.5939,-1.7803,2.2321
-0.2435,1.464,-1.8665,0.12046
-0.10612,1.1759,0.77228,0.12046
-0.0030907,0.84818,0.6477,-0.93535
-0.36371,-0.62602,0.44421,1.7042
-0.17481,-0.88563,0.95726,-0.93535
-0.046021,-0.49539,0.43058,-0.93535
4.5218,0.34467,0.76109,0.64837
0.26308,-0.10319,-1.103,1.7042
-0.63846,1.3723,0.20126,0.12046
-0.088951,-0.22792,0.59815,-0.93535
-0.35512,-0.61652,0.91949,0.12046
0.0054954,-0.5242,0.45321,-0.93535
-0.31219,1.4159,0.99857,-0.93535
-0.31219,-0.73601,0.9507,-0.40744
0.804,-0.50194,0.61968,-0.40744
-0.38946,-0.66956,0.93758,-0.40744
-0.56118,0.26086,-1.2066,-0.40744
-0.63846,1.3743,0.20143,1.1763
-0.63846,-1.9463,-0.21817,0.64837
-0.62987,0.63636,0.28505,0.12046
-0.63846,1.077,-0.33299,0.12046
-0.38088,-0.83652,-1.9115,0.12046
-0.63846,1.3766,0.20286,-0.40744
0.057012,-0.44661,0.81224,0.12046
-0.45815,1.1644,0.77497,3.2879
4.5647,-0.93834,-1.9648,-0.40744
-0.3036,0.35318,0.55474,1.1763
-0.53543,-1.0853,-1.9387,-0.40744
-0.5526,-1.9922,-0.85716,-0.93535
-0.32936,-1.2935,-1.9644,0.12046
-0.32078,0.92969,0.72946,1.1763
0.1858,-0.47706,0.39356,0.64837
-0.52684,0.39181,0.55878,0.12046
-0.054607,-0.077327,0.6005,0.12046
0.065598,-0.073726,0.33485,2.76
-0.20057,1.3569,0.84681,0.64837
0.23732,-0.41911,-1.1189,2.2321
-0.54401,-0.59426,0.47045,-0.93535
-0.56118,1.098,0.74805,2.2321
-0.41522,0.33615,0.55424,0.64837
-0.26926,1.7354,-1.7025,1.1763
-0.5526,1.1831,-1.4193,0.64837
-0.3036,-0.24495,-1.1332,1.1763
-0.47532,-1.5849,0.84673,-0.93535
-0.35512,-0.47706,0.13876,-0.93535
0.32318,-0.38768,-1.1221,-0.93535
-0.45815,-0.48295,0.13935,-0.93535
-0.1834,-0.46036,0.83722,-0.40744
-0.50967,-0.84667,0.98595,0.64837
-0.5526,-0.87777,0.10444,0.64837
-0.51825,-0.006613,0.57712,0.12046
-0.51825,-0.39489,0.68446,-0.93535
-0.11471,-1.3738,-1.063,1.1763
-0.5526,-0.2289,-0.70119,0.64837
-0.44957,0.29359,0.5491,-0.93535
-0.38946,1.5121,0.95709,-0.40744
4.7622,-0.94816,-1.9676,0.64837
4.4702,-0.49244,0.58351,-0.93535
-0.4925,-0.0075951,0.69068,-0.93535
-0.19198,0.65404,0.72088,-0.93535
-0.5526,-0.32057,0.67234,-0.40744
-0.26067,-0.72096,0.9364,0.64837
-0.5526,-1.4098,-0.0055086,0.12046
-0.063193,0.69496,0.72542,1.1763
-0.41522,1.5645,-1.7732,-0.40744
-0.4925,1.6653,-1.7178,0.12046
-0.41522,1.611,-1.7444,0.12046
-0.32936,1.7072,-1.6961,-0.40744
-0.44957,1.0616,0.70776,1.7042
-0.57836,-0.31828,0.79777,-0.40744
0.45197,-0.77006,0.94809,2.2321
-0.35512,-1.3011,0.020233,-0.93535
0.16863,-2.109,-0.6895,-0.93535
-0.29502,1.4217,1.0488,0.64837
-0.36371,1.4434,1.0152,-0.93535
-0.28643,1.0728,0.73972,0.64837
-0.3036,0.88713,-0.25745,-0.40744
-0.13188,-0.43122,0.81375,-0.93535
-0.31219,-0.43253,0.81779,-0.93535
-0.28643,0.92937,0.72736,0.64837
-0.59553,1.3769,1.0378,1.1763
4.4016,-0.55661,-1.0619,-0.40744
-0.14047,0.30734,-1.3035,-0.40744
-0.63846,1.3687,0.19504,0.64837
-0.33795,-0.83881,0.95095,0.64837
-0.35512,0.70904,0.218,0.12046
-0.13188,-0.26393,0.58965,0.12046
-0.43239,1.318,0.40366,0.64837
-0.59553,1.5949,0.5555,0.12046
-0.31219,1.2299,0.80921,-0.93535
0.031254,0.13809,0.72248,0.64837
-0.43239,0.77419,0.38145,0.64837
-0.34653,-1.8835,0.91705,-0.93535
-0.1233,-0.49474,0.6302,0.12046
-0.40664,0.31356,0.1592,-0.40744
-0.59553,0.31586,-0.97728,-0.40744
-0.2435,-0.44203,0.82814,1.1763
-0.53543,0.8269,-1.4394,0.12046
-0.38088,1.1661,-1.5378,0.64837
-0.41522,1.0986,0.73947,2.2321
-0.23491,1.097,0.73998,-0.93535
-0.40664,-0.32155,0.54835,-0.40744
-0.37229,1.0315,0.74006,0.12046
-0.50108,-0.076017,-1.1568,-0.93535
-0.41522,1.0836,0.74183,-0.93535
-0.19198,0.27788,0.56694,0.64837
0.1858,-0.044589,0.60446,-0.40744
-0.35512,-0.22236,0.59916,-0.93535
-0.51825,0.85538,0.027972,-0.40744
0.34035,-0.74813,0.94473,1.1763
-0.33795,-0.82212,-1.9052,0.12046
-0.40664,-0.52485,-1.1357,-0.40744
-0.26926,0.023833,0.60934,0.64837
1.0788,-0.80771,-1.9312,-0.40744
-0.28643,1.4846,-1.8282,-0.93535
-0.28643,1.1615,0.78153,2.76
2.1091,0.4455,0.74183,-0.40744
-0.54401,0.876,-1.4822,-0.93535
-0.46674,-0.19715,0.33392,2.2321
-0.20057,-0.19551,0.60589,0.12046
-0.32936,-0.5828,-1.0975,-0.93535
0.21156,-1.2297,-1.0459,-0.93535
-0.44098,0.99451,-0.27217,-0.93535
-0.15764,0.21895,-1.2408,-0.93535
2.8475,0.63047,0.71819,0.12046
-0.088951,-2.1876,0.8638,0.12046
-0.4925,-0.22268,0.59966,-0.93535
-0.1233,-0.70328,0.93943,0.12046
0.93279,0.7146,0.71668,0.12046
-0.097537,-0.43188,0.83007,1.1763
-0.56118,0.86553,-1.4582,1.1763
-0.21774,-1.0123,-1.9437,0.64837
-0.2435,-0.47477,0.42444,-0.40744
0.61511,-1.6448,-1.0659,-0.93535
-0.38946,-1.563,-1.3441,0.12046
-0.6127,1.0112,-0.12109,-0.40744
-0.51825,1.263,0.72542,0.12046
-0.071779,-0.45545,0.83217,-0.93535
-0.35512,-2.0675,-1.546,-0.93535
-0.3036,1.574,0.91066,1.1763
-0.54401,-0.81229,1.0093,-0.93535
0.78683,-0.41125,0.81552,-0.40744
-0.38946,-0.3831,0.64332,-0.40744
-0.35512,-1.8763,0.9184,1.1763
-0.45815,1.1173,0.24955,-0.93535
2.9076,-0.42861,0.83545,0.12046
-0.51825,0.89041,-0.26376,-0.40744
-0.47532,0.74472,0.73106,-0.93535
-0.46674,-0.80607,-1.9089,-0.93535
-0.088951,-0.64631,0.93707,0.64837
-0.21774,-0.91182,0.96038,0.64837
0.28025,-0.34316,0.54095,-0.93535
0.0054954,0.98207,-0.27369,-0.93535
-0.63846,0.37937,-1.0527,-0.93535
-0.35512,-0.47542,0.64256,-0.40744
-0.35512,-0.54843,0.5894,1.7042
-0.32078,-0.9164,0.95895,0.12046
-0.33795,0.77059,0.38204,-0.40744
-0.1834,-0.88792,0.95709,-0.93535
-0.42381,-0.053756,0.60959,-0.40744
-0.15764,-0.3592,0.70801,-0.93535
-0.22633,-0.30846,0.37758,-0.93535
-0.25209,0.36496,0.55752,-0.93535
-0.15764,0.13907,0.59201,0.12046
0.022668,-0.26557,-0.61312,-0.93535
-0.63846,2.0572,-0.012575,-0.40744
-0.22633,-0.35756,0.7102,-0.40744
-0.25209,1.4944,0.88811,-0.40744
0.42621,-0.75762,0.9465,1.1763
3.8005,-1.0424,1.0522,1.1763
-0.5526,0.87109,0.70523,-0.93535
-0.054607,-0.41518,0.82141,-0.40744
-0.47532,-1.5158,-1.0783,-0.40744
-0.34653,0.33746,0.54078,-0.40744
-0.34653,1.2008,0.80063,1.7042
-0.16623,-0.47149,0.42452,0.64837
-0.020263,-0.45938,0.78481,-0.93535
-0.57836,-0.3389,0.59924,0.64837
-0.37229,0.63865,0.011147,-0.93535
0.099942,-0.97271,0.97257,0.12046
0.46056,-0.76482,0.9475,0.12046
-0.11471,-0.046553,0.60479,-0.40744
0.36611,0.19178,0.75604,0.12046
-0.63846,-0.013488,-1.1139,-0.93535
-0.44098,-1.2029,-1.9542,1.1763
-0.054607,-1.2215,-1.9533,0.12046
-0.59553,0.23958,-1.2122,0.12046
-0.47532,-0.23283,-1.1318,0.12046
0.03984,-0.59066,0.89291,0.12046
-0.22633,0.31062,-1.3086,0.12046
-0.35512,-1.8979,-1.4302,-0.40744
-0.23491,-1.2218,0.19125,-0.93535
-0.21774,-0.24298,0.5984,0.64837
-0.17481,-0.4656,0.7796,-0.40744
-0.35512,-0.5792,0.88542,0.12046
-0.17481,-0.62765,0.5343,-0.93535
-0.13188,-0.71048,0.94069,0.12046
-0.41522,-0.32352,0.60336,-0.40744
0.4348,-0.76384,-1.0652,0.12046
-0.20916,1.1981,0.79634,0.12046
0.32318,-1.3832,-1.054,-0.93535
0.065598,1.2027,0.78448,0.64837
-0.35512,-1.1763,-1.0533,-0.40744
0.19439,-0.90331,0.96054,-0.93535
-0.53543,-0.56938,0.79095,-0.40744
-0.5526,1.5897,-1.7457,-0.40744
-0.26926,-0.28489,0.60917,-0.93535
-0.63846,1.371,0.20194,-0.93535
-0.32078,-0.93637,0.98973,-0.93535
-0.31219,-0.16179,0.60648,2.76
-0.17481,-1.066,-1.0523,-0.93535
-0.63846,1.3717,0.2021,0.64837
-0.5526,-0.22268,0.33047,1.1763
-0.35512,-1.7843,0.93371,0.12046
-0.32078,-0.53566,0.51243,-0.40744
-0.4925,-0.6103,0.89535,0.64837
-0.028849,-0.69935,0.94035,0.12046
-0.36371,-1.0336,-1.9328,2.2321
-0.35512,-0.4142,-1.3515,-0.40744
-0.020263,-0.064232,0.59907,0.12046
-0.32936,-1.0028,0.98006,-0.40744
-0.63846,1.3743,0.20345,-0.40744
-0.36371,-0.99072,0.9714,-0.40744
1.2591,-0.89709,-1.9411,0.12046
0.08277,-0.96125,0.96702,0.12046
-0.35512,-0.79396,1.0371,-0.40744
-0.25209,1.2446,0.81224,1.1763
-0.38088,0.98928,0.73989,-0.93535
0.03984,-0.4584,0.78952,-0.93535
-0.13188,-0.71146,0.93867,-0.93535
-0.36371,0.99124,-0.26629,-0.93535
-0.1834,0.35547,-1.3364,-0.40744
-0.25209,-0.14837,0.61489,0.64837
3.8435,-1.0365,1.0522,0.12046
2.0747,0.28181,0.76185,-0.93535
-0.0030907,-0.43483,0.81266,-0.93535
-0.44098,-1.2487,-1.959,-0.40744
-0.63846,1.3723,0.20168,0.64837
-0.5526,-1.288,-1.3939,-0.40744
-0.33795,-0.46167,0.81695,-0.40744
-0.088951,-0.46986,0.84126,-0.40744
-0.56977,-1.2438,-1.957,0.64837
1.0101,-1.0169,-1.9532,-0.93535
-0.10612,1.483,-1.8554,0.12046
0.099942,-0.77988,-1.917,-0.40744
-0.5526,-1.9352,0.88938,1.1763
-0.16623,-0.62602,0.50898,0.64837
-0.14047,-0.40274,0.82612,-0.93535
-0.25209,-1.0971,-1.9445,-0.40744
0.24591,-0.58378,0.89392,-0.93535
-0.48391,0.21961,-0.089883,-0.93535
-0.33795,0.92216,0.11832,0.64837
-0.46674,0.84916,0.71112,-0.93535
-0.51825,0.98567,-0.29161,1.1763
-0.41522,-0.3939,0.61396,-0.40744
0.074184,-0.96747,-1.9368,1.1763
-0.57836,0.92576,-1.4737,0.64837
-0.33795,1.076,0.71011,-0.93535
-0.51825,1.7108,-1.6503,-0.40744
-0.5526,-2.2547,-0.90864,-0.93535
0.16863,1.5658,0.89518,2.2321
-0.59553,-1.1299,-1.056,1.7042
-0.34653,-0.50587,0.63659,-0.40744
-0.35512,0.0058274,0.69228,0.64837
4.2384,1.3451,0.77152,-0.93535
-0.60412,-0.58673,0.8882,2.76
-0.35512,-0.94979,0.95726,0.12046
-0.63846,1.3713,0.20194,1.1763
-0.40664,-1.3502,-1.9701,0.12046
-0.63846,2.1413,-0.00062952,-0.93535
-0.28643,-1.3433,-1.0389,-0.93535
-0.29502,-1.3305,-1.0645,-0.93535
-0.35512,-0.76155,-1.9212,0.64837
-0.63846,1.3736,0.20093,0.12046
0.28025,0.92413,0.13371,0.12046
1.5424,1.2548,0.76849,-0.93535
0.28025,-1.2876,-1.0391,-0.93535
-0.21774,-1.4134,-1.9704,1.1763
3.148,0.62196,0.71979,-0.93535
-0.20057,-1.2647,-1.9596,-0.40744
